52	0.029
16	0.048
95	0.0775
2	0.08
32	0.08
3	0.0805
4	0.081
5	0.0815
6	0.082
7	0.0825
33	0.0825
8	0.083
9	0.0835
10	0.084
11	0.0845
34	0.085
4	0.086
5	0.086
8	0.087
35	0.0875
15	0.09
36	0.09
37	0.0925
49	0.0925
38	0.095
39	0.0975
40	0.1
79	0.1
30	0.101
41	0.1025
68	0.1155
97	0.1155
55	0.1165
57	0.1165
75	0.118
17	0.12
50	0.121
12	0.1355
2	0.16
32	0.16
3	0.1605
4	0.161
5	0.1615
6	0.162
7	0.1625
33	0.1625
8	0.163
9	0.1635
10	0.164
11	0.1645
34	0.165
6	0.1655
35	0.1675
8	0.168
36	0.17
37	0.1725
35	0.173
38	0.175
16	0.1775
39	0.1775
18	0.178
31	0.179
40	0.18
18	0.1815
41	0.1825
72	0.183
45	0.185
77	0.192
58	0.195
15	0.2205
21	0.225
95	0.235
98	0.2365
2	0.24
32	0.24
3	0.2405
4	0.241
5	0.2415
6	0.242
7	0.2425
33	0.2425
8	0.243
9	0.2435
10	0.244
6	0.2445
11	0.2445
34	0.245
71	0.247
8	0.2475
35	0.2475
36	0.25
37	0.2525
20	0.253
38	0.255
39	0.2575
40	0.26
41	0.2625
26	0.271
59	0.2825
97	0.3115
2	0.32
32	0.32
3	0.3205
4	0.321
5	0.3215
6	0.322
7	0.3225
33	0.3225
8	0.323
9	0.3235
10	0.324
11	0.3245
34	0.325
8	0.327
35	0.3275
50	0.3295
36	0.33
37	0.3325
38	0.335
29	0.3365
35	0.337
39	0.3375
40	0.34
63	0.3415
41	0.3425
22	0.345
58	0.346
20	0.3555
95	0.3565
46	0.358
97	0.388
38	0.397
2	0.4
32	0.4
3	0.4005
4	0.401
5	0.4015
6	0.402
7	0.4025
19	0.4025
33	0.4025
8	0.403
79	0.403
9	0.4035
10	0.404
11	0.4045
34	0.405
5	0.406
35	0.4075
8	0.4085
36	0.41
35	0.4115
37	0.4125
38	0.415
39	0.4175
40	0.42
41	0.4225
98	0.428
80	0.4335
48	0.4485
45	0.455
15	0.4585
49	0.479
2	0.48
32	0.48
3	0.4805
4	0.481
5	0.4815
6	0.482
16	0.482
7	0.4825
33	0.4825
8	0.483
9	0.4835
10	0.484
11	0.4845
34	0.485
8	0.4855
20	0.4875
35	0.4875
36	0.49
37	0.4925
38	0.495
39	0.4975
75	0.4985
40	0.5
41	0.5025
44	0.5035
22	0.5095
83	0.5435
63	0.551
95	0.556
1	0.5565
2	0.56
32	0.56
3	0.5605
4	0.561
5	0.5615
6	0.562
7	0.5625
33	0.5625
8	0.563
9	0.5635
10	0.564
71	0.564
11	0.5645
34	0.565
46	0.566
6	0.5665
35	0.5675
6	0.5695
36	0.57
37	0.5725
38	0.575
39	0.5775
40	0.58
41	0.5825
77	0.594
58	0.6095
53	0.6165
79	0.621
76	0.6255
2	0.64
32	0.64
3	0.6405
4	0.641
5	0.6415
6	0.642
7	0.6425
33	0.6425
8	0.643
9	0.6435
10	0.644
11	0.6445
34	0.645
35	0.6475
36	0.65
35	0.652
37	0.6525
38	0.655
39	0.6575
40	0.66
41	0.6625
25	0.667
56	0.669
56	0.6735
61	0.6795
71	0.6825
43	0.6935
1	0.6995
24	0.7065
47	0.71
66	0.7185
2	0.72
32	0.72
3	0.7205
98	0.7205
4	0.721
5	0.7215
6	0.722
7	0.7225
33	0.7225
8	0.723
9	0.7235
10	0.724
11	0.7245
34	0.725
35	0.7275
36	0.73
67	0.7315
37	0.7325
38	0.735
39	0.7375
40	0.74
41	0.7425
70	0.7535
27	0.7655
13	0.7695
55	0.7715
91	0.778
75	0.7885
31	0.794
2	0.8
32	0.8
3	0.8005
4	0.801
5	0.8015
57	0.8015
6	0.802
7	0.8025
33	0.8025
8	0.803
9	0.8035
10	0.804
11	0.8045
34	0.805
8	0.8055
6	0.806
14	0.8065
35	0.8075
4	0.8085
14	0.8095
36	0.81
37	0.8125
38	0.815
39	0.8175
40	0.82
41	0.8225
83	0.8355
50	0.8435
17	0.856
58	0.8665
66	0.872
2	0.88
32	0.88
3	0.8805
4	0.881
5	0.8815
6	0.882
7	0.8825
33	0.8825
8	0.883
9	0.8835
10	0.884
11	0.8845
34	0.885
35	0.8875
6	0.8885
36	0.89
37	0.8925
45	0.894
38	0.895
39	0.8975
40	0.9
41	0.9025
76	0.906
22	0.9135
65	0.921
49	0.9395
47	0.94
83	0.95
2	0.96
32	0.96
3	0.9605
4	0.961
12	0.961
5	0.9615
6	0.962
7	0.9625
33	0.9625
8	0.963
9	0.9635
10	0.964
11	0.9645
34	0.965
16	0.966
44	0.9665
35	0.9675
36	0.97
35	0.9715
37	0.9725
38	0.975
39	0.9775
40	0.98
28	0.9805
41	0.9825
52	0.985
52	0.9885
22	1.0255
16	1.0295
69	1.034
73	1.037
75	1.037
2	1.04
32	1.04
3	1.0405
4	1.041
5	1.0415
6	1.042
7	1.0425
33	1.0425
8	1.043
9	1.0435
10	1.044
11	1.0445
4	1.045
34	1.045
6	1.0455
5	1.0475
35	1.0475
1	1.0495
36	1.05
37	1.0525
48	1.053
38	1.055
39	1.0575
50	1.058
40	1.06
76	1.06
41	1.0625
77	1.063
30	1.064
72	1.0775
60	1.0895
59	1.1015
71	1.1025
29	1.1155
2	1.12
32	1.12
3	1.1205
4	1.121
5	1.1215
6	1.122
7	1.1225
33	1.1225
8	1.123
9	1.1235
10	1.124
11	1.1245
34	1.125
6	1.1265
98	1.1265
35	1.1275
49	1.1275
36	1.13
37	1.1325
38	1.135
39	1.1375
40	1.14
41	1.1425
43	1.1445
95	1.1495
21	1.1515
83	1.174
54	1.1855
26	1.187
77	1.1935
64	1.194
56	1.196
2	1.2
32	1.2
3	1.2005
4	1.201
5	1.2015
56	1.2015
6	1.202
7	1.2025
33	1.2025
8	1.203
9	1.2035
10	1.204
11	1.2045
34	1.205
6	1.2055
35	1.2075
22	1.2095
36	1.21
37	1.2125
38	1.215
39	1.2175
40	1.22
41	1.2225
14	1.2385
67	1.239
14	1.243
78	1.248
14	1.2485
28	1.2665
18	1.2695
42	1.2715
30	1.273
73	1.2775
20	1.2795
2	1.28
32	1.28
3	1.2805
4	1.281
5	1.2815
6	1.282
7	1.2825
33	1.2825
8	1.283
9	1.2835
10	1.284
11	1.2845
34	1.285
35	1.2875
69	1.288
36	1.29
37	1.2925
38	1.295
39	1.2975
79	1.299
21	1.3
40	1.3
41	1.3025
47	1.3135
95	1.316
29	1.321
58	1.332
24	1.336
49	1.3415
66	1.345
2	1.36
32	1.36
3	1.3605
4	1.361
5	1.3615
6	1.362
7	1.3625
33	1.3625
8	1.363
9	1.3635
10	1.364
11	1.3645
5	1.365
34	1.365
35	1.3675
85	1.3675
36	1.37
37	1.3725
38	1.375
39	1.3775
40	1.38
41	1.3825
23	1.394
95	1.4065
27	1.412
65	1.413
64	1.4165
27	1.4175
20	1.427
17	1.4315
45	1.437
2	1.44
32	1.44
3	1.4405
4	1.441
5	1.4415
6	1.442
7	1.4425
33	1.4425
8	1.443
9	1.4435
10	1.444
11	1.4445
6	1.445
34	1.445
8	1.447
35	1.4475
4	1.4485
36	1.45
37	1.4525
38	1.455
39	1.4575
40	1.46
1	1.4605
41	1.4625
46	1.47
95	1.484
80	1.488
72	1.493
78	1.4935
52	1.5035
98	1.5075
52	1.508
2	1.52
32	1.52
3	1.5205
4	1.521
5	1.5215
6	1.522
7	1.5225
33	1.5225
8	1.523
9	1.5235
10	1.524
11	1.5245
34	1.525
8	1.5265
35	1.5275
22	1.5295
43	1.5295
36	1.53
63	1.53
37	1.5325
38	1.535
50	1.537
39	1.5375
40	1.54
41	1.5425
47	1.544
13	1.564
95	1.569
24	1.5715
76	1.5775
86	1.5795
2	1.6
32	1.6
64	1.6
3	1.6005
4	1.601
5	1.6015
6	1.602
7	1.6025
33	1.6025
8	1.603
9	1.6035
10	1.604
11	1.6045
34	1.605
4	1.6055
35	1.6075
36	1.61
37	1.6125
38	1.615
15	1.617
39	1.6175
40	1.62
41	1.6225
57	1.6385
12	1.6515
95	1.662
1	1.6635
66	1.6655
44	1.6685
2	1.68
32	1.68
3	1.6805
4	1.681
5	1.6815
6	1.682
7	1.6825
33	1.6825
8	1.683
9	1.6835
10	1.684
6	1.6845
11	1.6845
34	1.685
4	1.6865
98	1.6865
35	1.6875
46	1.689
74	1.689
36	1.69
37	1.6925
38	1.695
39	1.6975
40	1.7
41	1.7025
48	1.7055
80	1.7185
50	1.7325
97	1.7325
17	1.744
15	1.7485
30	1.757
2	1.76
32	1.76
3	1.7605
4	1.761
5	1.7615
6	1.762
7	1.7625
33	1.7625
8	1.763
9	1.7635
10	1.764
11	1.7645
34	1.765
51	1.765
8	1.767
35	1.7675
6	1.768
36	1.77
37	1.7725
38	1.775
39	1.7775
40	1.78
41	1.7825
64	1.7985
98	1.8015
28	1.807
44	1.8075
22	1.8095
78	1.8165
76	1.8255
49	1.8275
53	1.8385
2	1.84
32	1.84
3	1.8405
4	1.841
5	1.8415
6	1.842
7	1.8425
33	1.8425
8	1.843
9	1.8435
10	1.844
11	1.8445
34	1.845
35	1.8475
6	1.848
36	1.85
37	1.8525
38	1.855
39	1.8575
40	1.86
23	1.8625
41	1.8625
42	1.874
70	1.8855
19	1.8865
28	1.9015
48	1.904
95	1.9095
75	1.9155
2	1.92
32	1.92
3	1.9205
4	1.921
5	1.9215
6	1.922
55	1.922
7	1.9225
33	1.9225
8	1.923
9	1.9235
10	1.924
11	1.9245
34	1.925
5	1.9255
35	1.9275
36	1.93
37	1.9325
38	1.935
24	1.937
39	1.9375
40	1.94
41	1.9425
47	1.944
52	1.9455
22	1.951
27	1.9535
63	1.9565
31	1.982
2	2
32	2
3	2.0005
4	2.001
5	2.0015
45	2.0015
6	2.002
7	2.0025
33	2.0025
8	2.003
9	2.0035
10	2.004
11	2.0045
34	2.005
60	2.0055
6	2.0065
35	2.0075
36	2.01
17	2.0105
37	2.0125
38	2.015
98	2.0165
39	2.0175
40	2.02
41	2.0225
76	2.0235
86	2.0375
97	2.0545
23	2.067
1	2.076
50	2.082
14	2.084
14	2.0875
64	2.0915
20	2.0945
26	2.0975
42	2.1065
55	2.12
16	2.1235
95	2.1385
73	2.1525
36	2.167
76	2.1795
1	2.1825
77	2.197
33	2.2045
3	2.214
38	2.217
19	2.218
85	2.222
13	2.233
64	2.246
97	2.26
21	2.261
8	2.276
8	2.2795
63	2.2865
14	2.2995
59	2.307
41	2.3295
18	2.342
98	2.343
64	2.3485
8	2.3535
17	2.3635
16	2.389
69	2.396
22	2.399
95	2.413
20	2.426
47	2.4395
74	2.4405
24	2.446
36	2.468
3	2.4735
46	2.4735
33	2.489
39	2.5115
30	2.518
69	2.5215
6	2.522
64	2.5285
62	2.532
95	2.5395
29	2.544
25	2.5485
53	2.55
53	2.5535
70	2.5535
57	2.5775
14	2.582
98	2.5865
75	2.6005
33	2.6025
43	2.623
1	2.6245
21	2.6415
18	2.644
18	2.648
17	2.675
55	2.6755
94	2.6765
13	2.6775
25	2.682
37	2.691
7	2.696
71	2.7055
76	2.7055
98	2.708
90	2.712
40	2.723
78	2.7335
32	2.734
98	2.762
97	2.763
54	2.779
79	2.793
31	2.7985
51	2.807
80	2.8075
95	2.83
6	2.8345
71	2.8355
22	2.8415
1	2.881
10	2.8865
15	2.8875
50	2.898
95	2.901
61	2.903
52	2.904
20	2.908
13	2.916
48	2.9415
55	2.942
19	2.948
83	2.948
57	2.955
35	2.9585
59	2.971
65	2.9725
33	2.973
62	2.9775
95	2.982
47	2.9915
2	3.015
54	3.026
20	3.0275
27	3.049
60	3.0535
27	3.054
77	3.06
51	3.0625
25	3.0635
58	3.0715
53	3.0765
26	3.0895
61	3.1225
36	3.127
59	3.135
70	3.142
6	3.148
67	3.1485
6	3.1515
68	3.153
7	3.161
62	3.1635
63	3.1685
71	3.1745
95	3.1795
74	3.1915
13	3.196
58	3.224
76	3.2465
34	3.253
41	3.2595
75	3.263
56	3.2695
54	3.2765
35	3.2805
48	3.2815
21	3.297
8	3.3155
95	3.3195
8	3.32
24	3.3525
98	3.3555
4	3.3625
57	3.363
69	3.3725
38	3.387
59	3.3945
47	3.398
34	3.4085
5	3.409
73	3.415
26	3.418
37	3.4185
14	3.4265
50	3.4275
80	3.4425
32	3.4535
10	3.461
95	3.4655
78	3.473
48	3.4755
49	3.4805
7	3.484
60	3.494
79	3.4965
