72	0.030000
29	0.048500
15	0.057500
52	0.062000
20	0.072000
83	0.074500
52	0.093000
53	0.093000
49	0.099500
54	0.100000
55	0.104000
56	0.118000
27	0.128000
92	0.129500
57	0.130000
58	0.140000
31	0.140500
16	0.146000
59	0.160000
14	0.162000
60	0.165000
74	0.165000
1	0.165500
61	0.169000
34	0.182500
32	0.190000
33	0.200000
12	0.203500
86	0.206000
64	0.208500
34	0.210000
78	0.211000
82	0.216000
35	0.220000
83	0.221000
92	0.224500
84	0.226000
36	0.230000
85	0.231000
86	0.236000
37	0.240000
87	0.241000
25	0.245500
88	0.246000
38	0.250000
89	0.251000
90	0.256000
39	0.260000
91	0.261000
52	0.268000
53	0.268000
40	0.270000
54	0.275000
55	0.279000
54	0.279500
41	0.280000
56	0.293000
69	0.294500
57	0.305000
92	0.306000
93	0.307000
58	0.315000
77	0.316000
94	0.321000
95	0.321000
1	0.331500
59	0.335000
96	0.335000
97	0.335000
98	0.335000
51	0.337000
38	0.339000
11	0.339500
60	0.340000
13	0.341000
61	0.344000
14	0.345500
21	0.346500
21	0.352500
99	0.354000
1	0.356000
100	0.356000
68	0.356500
45	0.359500
68	0.364500
65	0.365000
42	0.370000
43	0.385000
62	0.390000
44	0.391000
47	0.391500
6	0.396500
82	0.397000
45	0.399000
63	0.399000
83	0.402000
84	0.407000
46	0.411000
22	0.412000
85	0.412000
23	0.414000
24	0.416000
64	0.416000
86	0.417000
25	0.418000
26	0.420000
47	0.420000
27	0.422000
87	0.422000
28	0.424000
50	0.424000
65	0.425000
29	0.426000
88	0.427000
30	0.428000
66	0.428000
31	0.430000
89	0.432000
67	0.437000
90	0.437000
48	0.438000
71	0.440500
49	0.441000
91	0.442000
68	0.445000
4	0.447500
50	0.454000
69	0.454000
96	0.455500
69	0.458000
51	0.460000
72	0.468000
70	0.471000
71	0.476000
59	0.486000
76	0.486500
92	0.489000
59	0.493500
9	0.495500
11	0.498500
12	0.503000
34	0.504500
57	0.505000
95	0.510500
37	0.511000
12	0.512000
13	0.512000
19	0.515000
82	0.520000
13	0.521000
83	0.525000
6	0.525500
14	0.527000
84	0.530000
85	0.535000
14	0.536000
86	0.540000
15	0.544000
87	0.545000
88	0.550000
15	0.553000
89	0.555000
92	0.557000
16	0.558000
93	0.558000
90	0.560000
2	0.561000
3	0.565000
91	0.565000
17	0.566000
16	0.567000
94	0.572000
95	0.572000
32	0.573500
17	0.575000
18	0.579000
4	0.583000
96	0.586000
97	0.586000
98	0.586000
18	0.588000
5	0.589000
6	0.592000
19	0.593000
20	0.595000
21	0.595000
7	0.601000
19	0.602000
73	0.603000
20	0.604000
21	0.604000
99	0.605000
1	0.607000
100	0.607000
36	0.607500
42	0.613500
55	0.616000
8	0.620000
75	0.622500
34	0.627500
9	0.631000
68	0.633000
68	0.642000
12	0.646000
92	0.647000
72	0.649000
10	0.650000
14	0.651500
13	0.655000
11	0.656000
56	0.657000
73	0.659000
29	0.665000
74	0.669000
14	0.670000
15	0.687000
71	0.688000
75	0.688000
45	0.690500
51	0.693500
76	0.695000
77	0.700000
16	0.701000
58	0.708500
17	0.709000
78	0.716000
72	0.720000
18	0.722000
73	0.730000
79	0.734000
33	0.735000
46	0.735000
19	0.736000
20	0.738000
21	0.738000
61	0.740000
74	0.740000
80	0.741000
80	0.744500
81	0.750000
92	0.756500
75	0.759000
42	0.759500
76	0.766000
77	0.771000
78	0.787000
52	0.791000
53	0.791000
50	0.795500
53	0.795500
54	0.798000
50	0.801000
55	0.802000
79	0.805000
80	0.812000
39	0.812500
56	0.816000
81	0.821000
35	0.826000
57	0.828000
59	0.832500
58	0.838000
59	0.840000
59	0.858000
62	0.861000
60	0.863000
61	0.867000
92	0.867500
63	0.870000
25	0.873000
9	0.877500
32	0.880500
64	0.887000
2	0.894000
42	0.895000
65	0.896000
66	0.899000
4	0.902500
8	0.904000
67	0.908000
43	0.910000
67	0.911500
6	0.916000
44	0.916000
68	0.916000
45	0.924000
69	0.925000
46	0.936000
30	0.939500
70	0.942000
7	0.943500
47	0.945000
71	0.947000
22	0.955000
92	0.960500
48	0.963000
49	0.966000
51	0.966000
37	0.967000
38	0.977000
50	0.979000
51	0.985000
53	0.987500
73	0.993000
60	1.004000
31	1.020500
20	1.028000
22	1.038000
23	1.040000
24	1.042000
54	1.043000
64	1.043500
25	1.044000
42	1.045500
26	1.046000
27	1.048000
28	1.050000
96	1.051000
29	1.052000
30	1.054000
31	1.056000
17	1.063000
12	1.072500
92	1.085500
13	1.095500
78	1.099500
63	1.109000
66	1.111000
92	1.114000
93	1.115000
1	1.117000
47	1.121000
94	1.129000
95	1.129000
70	1.136000
52	1.137000
53	1.137000
4	1.137500
96	1.143000
97	1.143000
98	1.143000
54	1.144000
33	1.147500
55	1.148000
89	1.159000
56	1.162000
99	1.162000
1	1.164000
100	1.164000
56	1.166000
57	1.174000
58	1.184000
86	1.197500
6	1.201000
14	1.203000
59	1.204000
60	1.209000
61	1.213000
42	1.214000
10	1.222000
80	1.223000
43	1.229000
5	1.231000
64	1.231000
62	1.231500
30	1.233000
44	1.235000
45	1.243000
11	1.246000
46	1.255000
48	1.256000
42	1.258000
47	1.264000
43	1.273000
44	1.279000
48	1.282000
38	1.283500
49	1.285000
45	1.287000
75	1.292000
29	1.296000
2	1.297500
50	1.298000
46	1.299000
68	1.299000
40	1.302500
2	1.304000
51	1.304000
3	1.308000
20	1.308000
47	1.308000
34	1.318000
78	1.318500
4	1.326000
48	1.326000
12	1.327000
79	1.328500
49	1.329000
5	1.332000
22	1.334000
6	1.335000
13	1.336000
23	1.336000
24	1.338000
25	1.340000
94	1.341500
26	1.342000
50	1.342000
7	1.344000
27	1.344000
28	1.346000
29	1.348000
51	1.348000
30	1.350000
14	1.351000
31	1.352000
92	1.359000
93	1.360000
8	1.363000
15	1.368000
9	1.374000
94	1.374000
95	1.374000
16	1.382000
96	1.388000
97	1.388000
98	1.388000
41	1.389000
17	1.390000
10	1.393000
11	1.399000
18	1.403000
99	1.407000
1	1.409000
100	1.409000
19	1.417000
20	1.419000
21	1.419000
53	1.429000
56	1.448500
92	1.451500
61	1.460500
63	1.466500
79	1.467000
60	1.468500
74	1.469500
86	1.470500
25	1.475500
30	1.483500
68	1.499500
42	1.507000
52	1.514000
53	1.514000
58	1.519500
43	1.520500
54	1.521000
73	1.523000
55	1.525000
92	1.530000
56	1.539000
47	1.544000
86	1.547000
57	1.551000
58	1.561000
75	1.561500
19	1.569000
23	1.579000
59	1.581000
51	1.583500
41	1.585500
59	1.585500
60	1.586000
61	1.590000
96	1.603000
32	1.617000
31	1.620500
86	1.623500
71	1.626000
92	1.626000
18	1.627000
33	1.627000
34	1.637000
12	1.637500
35	1.647000
24	1.650500
52	1.655000
36	1.657000
46	1.657000
94	1.658000
29	1.659000
37	1.667000
65	1.667500
65	1.672000
38	1.677000
39	1.687000
55	1.687000
40	1.697000
2	1.705000
8	1.706000
41	1.707000
3	1.715500
86	1.724500
92	1.737500
75	1.740500
5	1.755000
68	1.756500
73	1.765500
94	1.766000
66	1.767500
24	1.769000
28	1.777500
42	1.800000
52	1.813500
21	1.814500
43	1.815000
44	1.821000
45	1.829000
46	1.841000
47	1.850000
48	1.868000
51	1.869500
49	1.871000
61	1.873000
62	1.876000
50	1.884000
51	1.890000
92	1.893500
32	1.906000
19	1.910500
95	1.914000
33	1.916000
62	1.925000
10	1.925500
34	1.926000
69	1.928000
2	1.929000
3	1.933000
63	1.934000
35	1.936000
22	1.938500
36	1.941000
45	1.942000
36	1.946000
58	1.948500
12	1.950000
4	1.951000
64	1.951000
37	1.956000
5	1.957000
31	1.957500
78	1.958500
13	1.959000
6	1.960000
65	1.960000
73	1.962000
66	1.963000
38	1.966000
29	1.968000
7	1.969000
15	1.969000
67	1.972000
14	1.974000
92	1.974500
39	1.976000
68	1.980000
40	1.986000
8	1.988000
69	1.989000
15	1.991000
41	1.996000
9	1.998000
9	1.999000
16	2.005000
70	2.006000
32	2.011000
71	2.011000
17	2.013000
10	2.018000
33	2.021000
11	2.024000
18	2.026000
34	2.031000
22	2.033000
23	2.035000
24	2.037000
25	2.039000
19	2.040000
26	2.041000
35	2.041000
20	2.042000
21	2.042000
27	2.043000
28	2.045000
29	2.047000
30	2.049000
31	2.051000
32	2.051000
36	2.051000
33	2.061000
37	2.061000
34	2.071000
38	2.071000
35	2.081000
39	2.081000
54	2.082500
80	2.087500
36	2.091000
40	2.091000
37	2.101000
41	2.101000
3	2.101500
51	2.107500
38	2.111000
50	2.112500
39	2.121000
12	2.123000
40	2.131000
82	2.131000
13	2.132000
83	2.136000
62	2.138000
41	2.141000
84	2.141000
85	2.146000
14	2.147000
86	2.151000
96	2.155000
87	2.156000
88	2.161000
15	2.164000
89	2.166000
17	2.167500
5	2.168500
90	2.171000
92	2.171000
91	2.176000
16	2.178000
52	2.178000
53	2.178000
54	2.185000
17	2.186000
55	2.189000
23	2.193500
18	2.199000
56	2.203000
19	2.213000
20	2.215000
21	2.215000
57	2.215000
30	2.215500
62	2.220000
58	2.225000
63	2.229000
76	2.235500
62	2.236000
59	2.245000
63	2.245000
64	2.246000
59	2.249000
60	2.250000
11	2.252000
28	2.252500
22	2.253000
61	2.254000
42	2.254500
23	2.255000
65	2.255000
24	2.257000
66	2.258000
25	2.259000
26	2.261000
45	2.262000
64	2.262000
3	2.262500
27	2.263000
28	2.265000
92	2.265500
29	2.267000
67	2.267000
30	2.269000
31	2.271000
65	2.271000
67	2.271500
66	2.274000
68	2.275000
79	2.278000
65	2.279000
67	2.283000
69	2.284000
71	2.287500
68	2.291000
39	2.294500
2	2.297000
69	2.300000
3	2.301000
70	2.301000
71	2.306000
40	2.309000
15	2.314000
86	2.315000
70	2.317000
4	2.319000
71	2.322000
80	2.324000
5	2.325000
6	2.328000
7	2.337000
55	2.338500
34	2.351000
8	2.356000
82	2.363000
9	2.367000
83	2.368000
84	2.373000
85	2.378000
86	2.383000
10	2.386000
87	2.388000
11	2.392000
88	2.393000
89	2.398000
2	2.400500
90	2.403000
17	2.408000
91	2.408000
92	2.410500
64	2.417500
83	2.441000
22	2.461000
29	2.492000
59	2.492500
13	2.497500
59	2.498000
37	2.503500
86	2.513500
62	2.515000
1	2.518500
55	2.519000
12	2.519500
63	2.524000
41	2.529000
28	2.534500
64	2.541000
26	2.544500
6	2.548000
30	2.549000
65	2.550000
33	2.553000
66	2.553000
44	2.556500
67	2.562000
22	2.568000
68	2.570000
73	2.574000
69	2.579000
36	2.589000
31	2.591000
21	2.595500
70	2.596000
71	2.601000
25	2.616500
72	2.650500
40	2.651500
92	2.653000
65	2.658000
13	2.658500
65	2.665500
29	2.675000
27	2.684500
10	2.688000
39	2.696000
49	2.698500
1	2.705000
86	2.708000
61	2.712000
82	2.712000
32	2.714000
45	2.717000
83	2.717000
2	2.719000
84	2.722000
3	2.723000
24	2.723500
85	2.727000
86	2.732000
87	2.737000
73	2.740000
4	2.741000
88	2.742000
96	2.746500
5	2.747000
89	2.747000
92	2.748500
6	2.750000
90	2.752000
91	2.757000
7	2.759000
13	2.769000
8	2.778000
74	2.779500
25	2.782000
54	2.785500
9	2.789000
22	2.806000
10	2.808000
23	2.808000
24	2.810000
25	2.812000
11	2.814000
26	2.814000
27	2.816000
28	2.818000
29	2.820000
30	2.822000
31	2.824000
59	2.834000
79	2.841500
77	2.845500
78	2.847000
3	2.849000
86	2.854000
65	2.858500
65	2.864000
51	2.874000
40	2.874500
20	2.875500
80	2.881500
30	2.891000
14	2.894000
42	2.907500
92	2.927000
62	2.929500
44	2.942500
48	2.943000
66	2.950000
50	2.973500
45	2.976500
43	2.990000
12	2.998500
51	3.000000
36	3.007500
72	3.011000
73	3.021000
10	3.030000
74	3.031000
2	3.034000
32	3.034000
33	3.044000
75	3.050000
34	3.054000
96	3.054000
76	3.057000
77	3.062000
35	3.064000
79	3.064500
15	3.067500
36	3.074000
78	3.078000
92	3.080000
93	3.081000
37	3.084000
60	3.084500
17	3.090000
41	3.091000
48	3.092500
63	3.092500
38	3.094000
94	3.095000
95	3.095000
79	3.096000
80	3.103000
39	3.104000
96	3.109000
97	3.109000
98	3.109000
80	3.111000
81	3.112000
40	3.114000
41	3.124000
99	3.128000
1	3.130000
100	3.130000
47	3.146500
19	3.150000
5	3.152000
55	3.153500
35	3.158500
18	3.159000
72	3.160000
26	3.164000
73	3.170000
92	3.174500
25	3.176500
74	3.180000
24	3.182500
86	3.188000
75	3.199000
76	3.206000
77	3.211000
54	3.227000
78	3.227000
12	3.242000
79	3.245000
3	3.252000
80	3.252000
80	3.258000
81	3.261000
92	3.262000
93	3.263000
2	3.268000
72	3.270000
3	3.272000
51	3.275000
86	3.275000
94	3.277000
95	3.277000
73	3.280000
42	3.287000
4	3.290000
74	3.290000
96	3.291000
97	3.291000
98	3.291000
72	3.295000
5	3.296000
67	3.296000
6	3.299000
67	3.301500
43	3.302000
66	3.303000
28	3.304000
73	3.305000
7	3.308000
44	3.308000
75	3.309000
99	3.310000
1	3.312000
100	3.312000
74	3.315000
17	3.315500
45	3.316000
76	3.316000
30	3.319000
77	3.321000
8	3.327000
46	3.328000
75	3.334000
47	3.337000
78	3.337000
9	3.338000
76	3.341000
20	3.343000
50	3.344000
77	3.346000
37	3.347000
35	3.350500
39	3.353000
48	3.355000
79	3.355000
10	3.357000
49	3.358000
78	3.362000
80	3.362000
11	3.363000
80	3.365500
50	3.371000
81	3.371000
51	3.377000
79	3.380000
80	3.387000
31	3.388000
81	3.396000
25	3.404500
92	3.405000
37	3.409500
7	3.422000
15	3.427500
26	3.440000
35	3.450500
60	3.457000
75	3.471000
46	3.474500
12	3.479000
27	3.485500
6	3.491500
74	3.492000
