62	0.001000
72	0.004000
82	0.006000
83	0.011000
63	0.012000
64	0.013000
73	0.013000
66	0.015000
62	0.016000
84	0.016000
73	0.016500
12	0.019000
32	0.020000
85	0.021000
86	0.021000
12	0.022000
22	0.024000
23	0.026000
86	0.026000
63	0.027000
74	0.027000
24	0.028000
64	0.028000
25	0.030000
33	0.030000
65	0.031000
87	0.031000
26	0.032000
75	0.032000
13	0.034000
27	0.034000
28	0.036000
88	0.036000
13	0.037000
76	0.037000
29	0.038000
30	0.040000
34	0.040000
55	0.040500
89	0.041000
31	0.042000
65	0.046000
90	0.046000
14	0.047000
92	0.048000
93	0.049000
14	0.050000
35	0.050000
66	0.051000
91	0.051000
42	0.052000
77	0.052000
78	0.053000
36	0.060000
62	0.060000
67	0.060000
94	0.061000
46	0.063500
43	0.064000
15	0.066000
66	0.066000
42	0.067000
15	0.069000
68	0.069000
37	0.070000
63	0.071000
64	0.072000
79	0.072000
52	0.074000
92	0.074000
44	0.075000
67	0.075000
93	0.075000
16	0.077000
69	0.077000
70	0.077000
71	0.077000
58	0.077500
45	0.078000
43	0.079000
16	0.080000
38	0.080000
22	0.081000
53	0.081000
54	0.081000
95	0.081000
23	0.083000
17	0.084000
68	0.084000
80	0.084000
24	0.085000
17	0.087000
25	0.087000
94	0.087000
12	0.088000
26	0.089000
2	0.090000
39	0.090000
44	0.090000
65	0.090000
27	0.091000
46	0.091000
47	0.092000
48	0.092000
69	0.092000
70	0.092000
71	0.092000
92	0.092000
3	0.093000
28	0.093000
45	0.093000
93	0.093000
55	0.094000
29	0.095000
96	0.095000
72	0.096000
18	0.097000
30	0.097000
48	0.097500
4	0.098000
56	0.098000
31	0.099000
81	0.099000
5	0.100000
18	0.100000
40	0.100000
6	0.102000
13	0.103000
73	0.105000
94	0.105000
46	0.106000
49	0.106000
47	0.107000
48	0.107000
57	0.107000
95	0.107000
41	0.110000
58	0.110000
66	0.110000
92	0.111000
93	0.112000
97	0.112000
19	0.114000
59	0.115000
14	0.116000
19	0.117000
50	0.118000
67	0.119000
74	0.119000
7	0.120000
60	0.120000
61	0.120000
49	0.121000
96	0.121000
62	0.122000
20	0.123000
11	0.124000
22	0.124000
75	0.124000
94	0.124000
51	0.125000
95	0.125000
20	0.126000
23	0.126000
32	0.126000
24	0.128000
68	0.128000
98	0.128000
21	0.129000
76	0.129000
25	0.130000
8	0.132000
21	0.132000
26	0.132000
86	0.132500
50	0.133000
63	0.133000
27	0.134000
64	0.134000
2	0.135000
15	0.135000
28	0.136000
33	0.136000
42	0.136000
52	0.136000
69	0.136000
70	0.136000
71	0.136000
32	0.137000
3	0.138000
29	0.138000
97	0.138000
96	0.139000
15	0.139500
30	0.140000
51	0.140000
31	0.142000
4	0.143000
53	0.143000
54	0.143000
77	0.144000
95	0.144000
5	0.145000
78	0.145000
9	0.146000
16	0.146000
34	0.146000
99	0.146000
6	0.147000
33	0.147000
42	0.148000
43	0.148000
52	0.149000
62	0.151000
65	0.152000
17	0.153000
100	0.153000
98	0.154000
42	0.155000
35	0.156000
53	0.156000
54	0.156000
55	0.156000
97	0.156000
10	0.157000
34	0.157000
96	0.158000
44	0.159000
22	0.160000
43	0.160000
56	0.160000
23	0.162000
45	0.162000
63	0.162000
92	0.162000
64	0.163000
93	0.163000
24	0.164000
79	0.164000
7	0.165000
11	0.166000
18	0.166000
25	0.166000
36	0.166000
52	0.166000
35	0.167000
43	0.167000
26	0.168000
55	0.169000
57	0.169000
1	0.170000
27	0.170000
44	0.171000
28	0.172000
58	0.172000
66	0.172000
98	0.172000
99	0.172000
53	0.173000
54	0.173000
56	0.173000
1	0.174000
29	0.174000
45	0.174000
46	0.175000
94	0.175000
97	0.175000
30	0.176000
37	0.176000
47	0.176000
48	0.176000
80	0.176000
8	0.177000
36	0.177000
59	0.177000
1	0.177500
31	0.178000
44	0.178000
100	0.179000
72	0.180000
45	0.181000
65	0.181000
67	0.181000
57	0.182000
60	0.182000
61	0.182000
1	0.183000
12	0.183000
19	0.183000
58	0.185000
38	0.186000
55	0.186000
37	0.187000
42	0.187000
46	0.187000
47	0.188000
48	0.188000
73	0.189000
49	0.190000
56	0.190000
59	0.190000
68	0.190000
99	0.190000
9	0.191000
81	0.191000
98	0.191000
20	0.192000
73	0.192000
46	0.194000
47	0.195000
48	0.195000
60	0.195000
61	0.195000
95	0.195000
1	0.196000
39	0.196000
38	0.197000
100	0.197000
13	0.198000
21	0.198000
69	0.198000
70	0.198000
71	0.198000
43	0.199000
57	0.199000
12	0.201000
66	0.201000
10	0.202000
49	0.202000
50	0.202000
58	0.202000
62	0.202000
74	0.203000
40	0.206000
39	0.207000
59	0.207000
92	0.207500
75	0.208000
49	0.209000
51	0.209000
96	0.209000
99	0.209000
44	0.210000
67	0.210000
11	0.211000
14	0.211000
60	0.212000
61	0.212000
45	0.213000
63	0.213000
76	0.213000
1	0.214000
50	0.214000
64	0.214000
72	0.215000
13	0.216000
41	0.216000
100	0.216000
40	0.217000
42	0.219000
68	0.219000
50	0.221000
51	0.221000
22	0.223000
42	0.224000
73	0.224000
23	0.225000
32	0.226000
46	0.226000
97	0.226000
24	0.227000
41	0.227000
47	0.227000
48	0.227000
69	0.227000
70	0.227000
71	0.227000
22	0.228000
51	0.228000
77	0.228000
14	0.229000
25	0.229000
78	0.229000
15	0.230000
23	0.230000
26	0.231000
43	0.231000
24	0.232000
65	0.232000
1	0.233000
27	0.233000
25	0.234000
28	0.235000
26	0.236000
33	0.236000
43	0.236000
29	0.237000
27	0.238000
74	0.238000
30	0.239000
28	0.240000
16	0.241000
31	0.241000
49	0.241000
29	0.242000
44	0.242000
98	0.242000
75	0.243000
30	0.244000
62	0.244000
45	0.245000
31	0.246000
34	0.246000
44	0.247000
15	0.248000
17	0.248000
52	0.248000
76	0.248000
79	0.248000
45	0.250000
12	0.251000
42	0.252000
66	0.252000
50	0.253000
53	0.255000
54	0.255000
63	0.255000
35	0.256000
64	0.256000
46	0.258000
16	0.259000
47	0.259000
48	0.259000
51	0.260000
80	0.260000
99	0.260000
18	0.261000
67	0.261000
2	0.263000
46	0.263000
77	0.263000
43	0.264000
47	0.264000
48	0.264000
78	0.264000
3	0.266000
13	0.266000
17	0.266000
36	0.266000
100	0.267000
55	0.268000
68	0.270000
78	0.270500
4	0.271000
56	0.272000
5	0.273000
49	0.273000
65	0.274000
6	0.275000
44	0.275000
81	0.275000
37	0.276000
19	0.278000
45	0.278000
49	0.278000
69	0.278000
70	0.278000
71	0.278000
14	0.279000
18	0.279000
57	0.281000
79	0.283000
1	0.284000
58	0.284000
50	0.285000
38	0.286000
20	0.287000
1	0.289000
59	0.289000
50	0.290000
46	0.291000
47	0.292000
48	0.292000
51	0.292000
7	0.293000
21	0.293000
60	0.294000
61	0.294000
66	0.294000
80	0.295000
19	0.296000
39	0.296000
51	0.297000
15	0.298000
61	0.299500
67	0.303000
8	0.305000
20	0.305000
22	0.306000
40	0.306000
49	0.306000
23	0.308000
16	0.309000
24	0.310000
81	0.310000
21	0.311000
25	0.312000
68	0.312000
26	0.314000
17	0.316000
27	0.316000
41	0.316000
28	0.318000
50	0.318000
9	0.319000
12	0.320000
29	0.320000
69	0.320000
70	0.320000
71	0.320000
30	0.322000
31	0.324000
51	0.325000
62	0.327000
18	0.329000
10	0.330000
13	0.335000
82	0.336000
63	0.338000
11	0.339000
64	0.339000
92	0.339000
93	0.340000
83	0.341000
19	0.346000
84	0.346000
14	0.348000
72	0.350000
85	0.351000
94	0.352000
20	0.355000
86	0.356000
2	0.357000
65	0.357000
73	0.359000
3	0.360000
21	0.361000
87	0.361000
62	0.362000
52	0.363000
73	0.363500
4	0.365000
88	0.366000
5	0.367000
15	0.367000
32	0.367000
73	0.368000
6	0.369000
53	0.370000
54	0.370000
89	0.371000
92	0.372000
95	0.372000
63	0.373000
74	0.373000
93	0.373000
64	0.374000
90	0.376000
33	0.377000
66	0.377000
16	0.378000
75	0.378000
52	0.381000
91	0.381000
55	0.383000
76	0.383000
17	0.385000
94	0.385000
67	0.386000
96	0.386000
7	0.387000
34	0.387000
56	0.387000
53	0.388000
54	0.388000
62	0.389000
52	0.391000
2	0.392000
65	0.392000
92	0.392000
93	0.393000
3	0.395000
68	0.395000
57	0.396000
35	0.397000
37	0.397000
18	0.398000
53	0.398000
54	0.398000
77	0.398000
8	0.399000
58	0.399000
78	0.399000
4	0.400000
63	0.400000
55	0.401000
64	0.401000
5	0.402000
72	0.402000
82	0.402000
35	0.403000
69	0.403000
70	0.403000
71	0.403000
97	0.403000
6	0.404000
59	0.404000
32	0.405000
56	0.405000
94	0.405000
95	0.405000
36	0.407000
83	0.407000
60	0.409000
61	0.409000
55	0.411000
73	0.411000
66	0.412000
84	0.412000
9	0.413000
88	0.413000
61	0.413500
57	0.414000
19	0.415000
33	0.415000
56	0.415000
92	0.415000
93	0.416000
37	0.417000
58	0.417000
85	0.417000
79	0.418000
65	0.419000
96	0.419000
98	0.419000
67	0.421000
7	0.422000
59	0.422000
86	0.422000
10	0.424000
20	0.424000
57	0.424000
34	0.425000
74	0.425000
95	0.425000
38	0.427000
58	0.427000
60	0.427000
61	0.427000
87	0.427000
94	0.428000
21	0.430000
68	0.430000
75	0.430000
80	0.430000
59	0.432000
88	0.432000
11	0.433000
8	0.434000
35	0.435000
76	0.435000
97	0.436000
39	0.437000
60	0.437000
61	0.437000
89	0.437000
99	0.437000
69	0.438000
70	0.438000
71	0.438000
66	0.439000
96	0.439000
90	0.442000
100	0.444000
36	0.445000
81	0.445000
22	0.446000
40	0.447000
91	0.447000
9	0.448000
23	0.448000
67	0.448000
95	0.448000
12	0.448500
24	0.450000
77	0.450000
78	0.451000
25	0.452000
98	0.452000
26	0.454000
37	0.455000
27	0.456000
97	0.456000
41	0.457000
68	0.457000
28	0.458000
10	0.459000
29	0.460000
1	0.461000
30	0.462000
96	0.462000
31	0.464000
38	0.465000
69	0.465000
70	0.465000
71	0.465000
1	0.466000
52	0.467000
11	0.468000
42	0.468000
79	0.470000
99	0.470000
31	0.471500
52	0.472000
82	0.472000
98	0.472000
53	0.474000
54	0.474000
39	0.475000
83	0.477000
100	0.477000
53	0.479000
54	0.479000
97	0.479000
43	0.480000
80	0.482000
84	0.482000
40	0.485000
55	0.487000
85	0.487000
99	0.490000
44	0.491000
56	0.491000
93	0.491500
42	0.492000
55	0.492000
86	0.492000
1	0.494000
45	0.494000
41	0.495000
98	0.495000
56	0.496000
81	0.497000
87	0.497000
100	0.497000
57	0.500000
88	0.502000
58	0.503000
43	0.504000
57	0.505000
62	0.506000
46	0.507000
89	0.507000
47	0.508000
48	0.508000
58	0.508000
59	0.508000
90	0.512000
48	0.512500
59	0.513000
60	0.513000
61	0.513000
99	0.513000
1	0.514000
82	0.514000
44	0.515000
63	0.517000
91	0.517000
45	0.518000
60	0.518000
61	0.518000
64	0.518000
42	0.519000
83	0.519000
100	0.520000
49	0.522000
84	0.524000
85	0.529000
22	0.530000
43	0.531000
46	0.531000
52	0.531000
23	0.532000
47	0.532000
48	0.532000
24	0.534000
50	0.534000
86	0.534000
25	0.536000
32	0.536000
65	0.536000
1	0.537000
26	0.538000
53	0.538000
54	0.538000
87	0.539000
65	0.539500
27	0.540000
51	0.541000
28	0.542000
44	0.542000
29	0.544000
88	0.544000
45	0.545000
30	0.546000
33	0.546000
49	0.546000
2	0.548000
31	0.548000
89	0.549000
3	0.551000
55	0.551000
32	0.553000
90	0.554000
56	0.555000
4	0.556000
34	0.556000
66	0.556000
72	0.557000
5	0.558000
46	0.558000
50	0.558000
47	0.559000
48	0.559000
91	0.559000
6	0.560000
2	0.563000
33	0.563000
57	0.564000
51	0.565000
67	0.565000
3	0.566000
35	0.566000
73	0.566000
58	0.567000
72	0.567000
78	0.568000
4	0.571000
59	0.572000
5	0.573000
34	0.573000
49	0.573000
73	0.573000
68	0.574000
6	0.575000
36	0.576000
73	0.576000
60	0.577000
61	0.577000
7	0.578000
74	0.580000
69	0.582000
70	0.582000
71	0.582000
35	0.583000
82	0.584000
50	0.585000
75	0.585000
19	0.586000
37	0.586000
2	0.588000
92	0.588000
83	0.589000
93	0.589000
8	0.590000
72	0.590000
74	0.590000
76	0.590000
3	0.591000
12	0.592000
51	0.592000
7	0.593000
36	0.593000
84	0.594000
75	0.595000
4	0.596000
38	0.596000
5	0.598000
73	0.599000
85	0.599000
6	0.600000
76	0.600000
94	0.601000
37	0.603000
82	0.603000
9	0.604000
86	0.604000
8	0.605000
77	0.605000
39	0.606000
78	0.606000
13	0.607000
42	0.608000
83	0.608000
82	0.609000
87	0.609000
38	0.613000
74	0.613000
84	0.613000
78	0.614000
83	0.614000
88	0.614000
10	0.615000
77	0.615000
40	0.616000
78	0.616000
7	0.618000
75	0.618000
85	0.618000
9	0.619000
84	0.619000
89	0.619000
14	0.620000
43	0.620000
42	0.621000
95	0.621000
39	0.623000
42	0.623000
76	0.623000
86	0.623000
11	0.624000
62	0.624000
85	0.624000
90	0.624000
2	0.625000
79	0.625000
41	0.626000
82	0.627000
3	0.628000
62	0.628000
72	0.628000
87	0.628000
86	0.629000
91	0.629000
8	0.630000
10	0.630000
44	0.631000
83	0.632000
4	0.633000
40	0.633000
42	0.633000
43	0.633000
88	0.633000
45	0.634000
87	0.634000
5	0.635000
43	0.635000
63	0.635000
79	0.635000
96	0.635000
64	0.636000
6	0.637000
72	0.637000
73	0.637000
80	0.637000
84	0.637000
77	0.638000
89	0.638000
11	0.639000
15	0.639000
63	0.639000
78	0.639000
88	0.639000
64	0.640000
85	0.642000
41	0.643000
90	0.643000
9	0.644000
44	0.644000
89	0.644000
43	0.645000
44	0.646000
73	0.646000
45	0.647000
46	0.647000
80	0.647000
86	0.647000
47	0.648000
48	0.648000
91	0.648000
45	0.649000
90	0.649000
16	0.650000
74	0.651000
24	0.651500
81	0.652000
87	0.652000
97	0.652000
65	0.654000
91	0.654000
7	0.655000
10	0.655000
44	0.656000
75	0.656000
17	0.657000
32	0.657000
88	0.657000
65	0.658000
79	0.658000
45	0.659000
46	0.660000
74	0.660000
29	0.661000
47	0.661000
48	0.661000
76	0.661000
82	0.661000
46	0.662000
49	0.662000
81	0.662000
89	0.662000
47	0.663000
48	0.663000
11	0.664000
52	0.665000
75	0.665000
83	0.666000
8	0.667000
33	0.667000
90	0.667000
98	0.668000
2	0.670000
18	0.670000
76	0.670000
80	0.670000
84	0.671000
46	0.672000
53	0.672000
54	0.672000
91	0.672000
3	0.673000
47	0.673000
48	0.673000
50	0.674000
66	0.674000
49	0.675000
52	0.675000
77	0.676000
85	0.676000
34	0.677000
49	0.677000
78	0.677000
54	0.677500
4	0.678000
66	0.678000
5	0.680000
9	0.681000
51	0.681000
86	0.681000
6	0.682000
53	0.682000
54	0.682000
72	0.682000
4	0.683000
67	0.683000
55	0.685000
77	0.685000
81	0.685000
78	0.686000
87	0.686000
99	0.686000
19	0.687000
35	0.687000
49	0.687000
50	0.687000
62	0.687000
67	0.687000
50	0.689000
56	0.689000
72	0.690000
73	0.691000
88	0.691000
10	0.692000
68	0.692000
100	0.693000
51	0.694000
73	0.694000
55	0.695000
20	0.696000
51	0.696000
68	0.696000
79	0.696000
89	0.696000
36	0.697000
57	0.698000
63	0.698000
50	0.699000
56	0.699000
64	0.699000
73	0.699000
7	0.700000
69	0.700000
70	0.700000
71	0.700000
11	0.701000
58	0.701000
90	0.701000
21	0.702000
69	0.704000
70	0.704000
71	0.704000
74	0.705000
79	0.705000
51	0.706000
59	0.706000
91	0.706000
37	0.707000
22	0.708000
57	0.708000
80	0.708000
1	0.710000
23	0.710000
75	0.710000
92	0.710000
58	0.711000
60	0.711000
61	0.711000
62	0.711000
93	0.711000
8	0.712000
24	0.712000
42	0.712000
2	0.713000
74	0.713000
25	0.714000
76	0.715000
3	0.716000
26	0.716000
59	0.716000
38	0.717000
65	0.717000
80	0.717000
27	0.718000
75	0.718000
28	0.720000
4	0.721000
60	0.721000
61	0.721000
29	0.722000
63	0.722000
5	0.723000
64	0.723000
76	0.723000
81	0.723000
94	0.723000
30	0.724000
43	0.724000
6	0.725000
9	0.726000
31	0.726000
39	0.727000
92	0.727000
93	0.728000
52	0.730000
77	0.730000
78	0.731000
81	0.732000
44	0.735000
10	0.737000
40	0.737000
53	0.737000
54	0.737000
66	0.737000
45	0.738000
77	0.738000
78	0.739000
94	0.740000
65	0.741000
7	0.743000
95	0.743000
12	0.744000
11	0.746000
67	0.746000
41	0.747000
65	0.747000
62	0.749000
55	0.750000
79	0.750000
46	0.751000
92	0.751000
47	0.752000
48	0.752000
93	0.752000
56	0.754000
8	0.755000
68	0.755000
96	0.757000
48	0.758000
79	0.758000
13	0.759000
63	0.760000
95	0.760000
64	0.761000
66	0.761000
80	0.762000
57	0.763000
69	0.763000
70	0.763000
71	0.763000
94	0.764000
49	0.766000
58	0.766000
9	0.769000
67	0.770000
80	0.770000
59	0.771000
62	0.771000
14	0.772000
96	0.774000
97	0.774000
60	0.776000
61	0.776000
81	0.777000
50	0.778000
52	0.779000
65	0.779000
68	0.779000
10	0.780000
63	0.782000
64	0.783000
95	0.784000
51	0.785000
81	0.785000
53	0.786000
54	0.786000
69	0.787000
70	0.787000
71	0.787000
11	0.789000
98	0.790000
15	0.791000
62	0.791000
97	0.791000
96	0.798000
55	0.799000
66	0.799000
65	0.801000
16	0.802000
63	0.802000
56	0.803000
64	0.803000
32	0.806000
98	0.807000
67	0.808000
99	0.808000
17	0.809000
57	0.812000
2	0.814000
58	0.815000
97	0.815000
100	0.815000
33	0.816000
3	0.817000
68	0.817000
59	0.820000
65	0.821000
66	0.821000
4	0.822000
18	0.822000
5	0.824000
60	0.825000
61	0.825000
69	0.825000
70	0.825000
71	0.825000
99	0.825000
6	0.826000
34	0.826000
67	0.830000
98	0.831000
1	0.832000
100	0.832000
35	0.836000
19	0.839000
68	0.839000
1	0.839500
12	0.841000
66	0.841000
7	0.844000
2	0.846000
36	0.846000
69	0.847000
70	0.847000
71	0.847000
77	0.847000
12	0.848000
20	0.848000
1	0.849000
3	0.849000
99	0.849000
67	0.850000
4	0.854000
21	0.854000
52	0.855000
5	0.856000
8	0.856000
13	0.856000
37	0.856000
100	0.856000
6	0.858000
68	0.859000
72	0.860000
53	0.862000
54	0.862000
13	0.863000
32	0.864000
42	0.864000
38	0.866000
69	0.867000
70	0.867000
71	0.867000
14	0.869000
73	0.869000
9	0.870000
1	0.873000
22	0.874000
33	0.874000
55	0.875000
7	0.876000
14	0.876000
23	0.876000
39	0.876000
43	0.876000
24	0.878000
56	0.879000
25	0.880000
10	0.881000
22	0.881000
26	0.882000
23	0.883000
74	0.883000
2	0.884000
27	0.884000
34	0.884000
24	0.885000
82	0.885000
28	0.886000
40	0.886000
3	0.887000
25	0.887000
44	0.887000
8	0.888000
15	0.888000
29	0.888000
57	0.888000
75	0.888000
26	0.889000
11	0.890000
30	0.890000
45	0.890000
83	0.890000
27	0.891000
58	0.891000
4	0.892000
31	0.892000
28	0.893000
76	0.893000
5	0.894000
35	0.894000
15	0.895000
29	0.895000
84	0.895000
6	0.896000
41	0.896000
59	0.896000
30	0.897000
16	0.899000
31	0.899000
85	0.900000
32	0.901000
60	0.901000
61	0.901000
9	0.902000
46	0.903000
36	0.904000
47	0.904000
48	0.904000
92	0.904000
86	0.905000
93	0.905000
88	0.905500
16	0.906000
17	0.906000
48	0.908000
77	0.908000
78	0.909000
87	0.910000
33	0.911000
78	0.911500
10	0.913000
17	0.913000
7	0.914000
37	0.914000
88	0.915000
32	0.917000
94	0.917000
49	0.918000
18	0.919000
89	0.920000
34	0.921000
11	0.922000
38	0.924000
90	0.925000
8	0.926000
18	0.926000
33	0.927000
79	0.928000
50	0.930000
91	0.930000
35	0.931000
2	0.933000
39	0.934000
3	0.936000
19	0.936000
34	0.937000
51	0.937000
95	0.937000
35	0.937500
42	0.938000
9	0.940000
80	0.940000
4	0.941000
36	0.941000
42	0.941000
5	0.943000
19	0.943000
40	0.944000
6	0.945000
20	0.945000
35	0.947000
43	0.950000
10	0.951000
21	0.951000
37	0.951000
62	0.951000
96	0.951000
20	0.952000
43	0.953000
41	0.954000
81	0.955000
36	0.957000
21	0.958000
72	0.958000
42	0.959000
11	0.960000
38	0.961000
44	0.961000
63	0.962000
7	0.963000
64	0.963000
22	0.964000
44	0.964000
45	0.964000
23	0.966000
37	0.967000
45	0.967000
73	0.967000
92	0.967000
24	0.968000
93	0.968000
97	0.968000
25	0.970000
39	0.971000
43	0.971000
26	0.972000
73	0.972500
27	0.974000
2	0.975000
8	0.975000
28	0.976000
38	0.977000
46	0.977000
3	0.978000
29	0.978000
47	0.978000
48	0.978000
30	0.980000
46	0.980000
94	0.980000
32	0.981000
40	0.981000
47	0.981000
48	0.981000
65	0.981000
74	0.981000
31	0.982000
44	0.982000
4	0.983000
98	0.984000
5	0.985000
42	0.985000
45	0.985000
75	0.986000
6	0.987000
39	0.987000
67	0.987500
86	0.987500
9	0.989000
62	0.989000
33	0.991000
41	0.991000
76	0.991000
49	0.992000
49	0.995000
82	0.996000
40	0.997000
43	0.997000
46	0.998000
47	0.999000
48	0.999000
10	1.000000
63	1.000000
95	1.000000
34	1.001000
64	1.001000
66	1.001000
83	1.001000
62	1.002000
99	1.002000
50	1.004000
7	1.005000
77	1.006000
84	1.006000
41	1.007000
50	1.007000
78	1.007000
44	1.008000
11	1.009000
100	1.009000
67	1.010000
35	1.011000
45	1.011000
51	1.011000
85	1.011000
49	1.013000
63	1.013000
51	1.014000
64	1.014000
96	1.014000
86	1.016000
8	1.017000
65	1.019000
68	1.019000
12	1.021000
36	1.021000
87	1.021000
46	1.024000
47	1.025000
48	1.025000
50	1.025000
1	1.026000
79	1.026000
88	1.026000
69	1.027000
70	1.027000
71	1.027000
2	1.029000
52	1.030000
9	1.031000
37	1.031000
89	1.031000
97	1.031000
1	1.031500
3	1.032000
51	1.032000
65	1.032000
72	1.032000
13	1.036000
90	1.036000
4	1.037000
53	1.037000
54	1.037000
80	1.038000
2	1.039000
5	1.039000
49	1.039000
66	1.039000
6	1.041000
38	1.041000
73	1.041000
91	1.041000
3	1.042000
10	1.042000
73	1.046000
4	1.047000
98	1.047000
67	1.048000
5	1.049000
14	1.049000
55	1.050000
6	1.051000
11	1.051000
39	1.051000
50	1.051000
66	1.052000
81	1.053000
56	1.054000
74	1.055000
68	1.057000
51	1.058000
7	1.059000
12	1.060000
75	1.060000
32	1.061000
40	1.061000
67	1.061000
92	1.061000
93	1.062000
57	1.063000
69	1.065000
70	1.065000
71	1.065000
76	1.065000
99	1.065000
22	1.066000
58	1.066000
92	1.067000
15	1.068000
23	1.068000
93	1.068000
7	1.069000
24	1.070000
68	1.070000
8	1.071000
33	1.071000
41	1.071000
59	1.071000
25	1.072000
100	1.072000
26	1.074000
94	1.074000
13	1.075000
62	1.075000
27	1.076000
60	1.076000
61	1.076000
92	1.076000
93	1.077000
28	1.078000
69	1.078000
70	1.078000
71	1.078000
16	1.079000
29	1.080000
77	1.080000
94	1.080000
8	1.081000
22	1.081000
34	1.081000
78	1.081000
30	1.082000
23	1.083000
31	1.084000
9	1.085000
24	1.085000
78	1.085000
17	1.086000
63	1.086000
25	1.087000
62	1.087000
64	1.087000
82	1.087000
14	1.088000
1	1.089000
26	1.089000
94	1.089000
22	1.090000
27	1.091000
35	1.091000
23	1.092000
83	1.092000
28	1.093000
24	1.094000
52	1.094000
95	1.094000
9	1.095000
29	1.095000
35	1.095000
2	1.096000
10	1.096000
25	1.096000
86	1.096500
30	1.097000
84	1.097000
26	1.098000
63	1.098000
3	1.099000
18	1.099000
31	1.099000
32	1.099000
64	1.099000
27	1.100000
79	1.100000
95	1.100000
36	1.101000
53	1.101000
54	1.101000
28	1.102000
85	1.102000
4	1.104000
29	1.104000
62	1.104000
11	1.105000
65	1.105000
5	1.106000
10	1.106000
30	1.106000
15	1.107000
86	1.107000
92	1.107000
6	1.108000
31	1.108000
72	1.108000
93	1.108000
96	1.108000
33	1.109000
42	1.109000
95	1.109000
37	1.111000
80	1.112000
87	1.112000
55	1.114000
96	1.114000
11	1.115000
63	1.115000
19	1.116000
64	1.116000
65	1.117000
73	1.117000
88	1.117000
16	1.118000
56	1.118000
34	1.119000
94	1.120000
38	1.121000
43	1.121000
89	1.122000
96	1.123000
17	1.125000
20	1.125000
66	1.125000
97	1.125000
7	1.126000
57	1.127000
81	1.127000
90	1.127000
35	1.129000
52	1.130000
58	1.130000
72	1.130000
21	1.131000
39	1.131000
74	1.131000
97	1.131000
44	1.132000
91	1.132000
65	1.134000
67	1.134000
45	1.135000
59	1.135000
75	1.136000
53	1.137000
54	1.137000
66	1.137000
8	1.138000
18	1.138000
36	1.139000
73	1.139000
60	1.140000
61	1.140000
82	1.140000
95	1.140000
97	1.140000
40	1.141000
76	1.141000
98	1.141000
73	1.142500
68	1.143000
61	1.144500
83	1.145000
67	1.146000
98	1.147000
46	1.148000
37	1.149000
47	1.149000
48	1.149000
55	1.150000
84	1.150000
41	1.151000
69	1.151000
70	1.151000
71	1.151000
9	1.152000
22	1.153000
74	1.153000
48	1.153500
56	1.154000
66	1.154000
96	1.154000
19	1.155000
23	1.155000
68	1.155000
85	1.155000
77	1.156000
98	1.156000
24	1.157000
78	1.157000
32	1.158000
75	1.158000
12	1.159000
25	1.159000
38	1.159000
99	1.159000
86	1.160000
26	1.161000
92	1.161000
93	1.162000
10	1.163000
27	1.163000
49	1.163000
57	1.163000
67	1.163000
69	1.163000
70	1.163000
71	1.163000
76	1.163000
20	1.164000
28	1.165000
87	1.165000
99	1.165000
58	1.166000
100	1.166000
29	1.167000
33	1.168000
12	1.169000
30	1.169000
39	1.169000
2	1.170000
21	1.170000
88	1.170000
31	1.171000
59	1.171000
97	1.171000
11	1.172000
68	1.172000
100	1.172000
3	1.173000
72	1.173000
13	1.174000
94	1.174000
99	1.174000
50	1.175000
89	1.175000
42	1.176000
60	1.176000
61	1.176000
79	1.176000
4	1.178000
34	1.178000
77	1.178000
40	1.179000
78	1.179000
5	1.180000
69	1.180000
70	1.180000
71	1.180000
90	1.180000
100	1.181000
6	1.182000
51	1.182000
73	1.182000
1	1.183000
13	1.184000
91	1.185000
1	1.187000
14	1.187000
98	1.187000
35	1.188000
43	1.188000
80	1.188000
1	1.189000
41	1.189000
22	1.192000
23	1.194000
95	1.194000
24	1.196000
74	1.196000
14	1.197000
1	1.198000
25	1.198000
36	1.198000
79	1.198000
44	1.199000
7	1.200000
26	1.200000
75	1.201000
27	1.202000
45	1.202000
2	1.203000
72	1.203000
81	1.203000
28	1.204000
99	1.205000
3	1.206000
15	1.206000
29	1.206000
76	1.206000
30	1.208000
37	1.208000
96	1.208000
31	1.210000
80	1.210000
4	1.211000
8	1.212000
73	1.212000
100	1.212000
5	1.213000
6	1.215000
46	1.215000
15	1.216000
47	1.216000
48	1.216000
16	1.217000
38	1.218000
12	1.221000
77	1.221000
78	1.222000
17	1.224000
81	1.225000
97	1.225000
9	1.226000
74	1.226000
16	1.227000
39	1.228000
1	1.229000
49	1.230000
75	1.231000
7	1.233000
17	1.234000
13	1.236000
42	1.236000
76	1.236000
10	1.237000
18	1.237000
40	1.238000
79	1.241000
98	1.241000
50	1.242000
62	1.243000
8	1.245000
11	1.246000
18	1.247000
2	1.248000
41	1.248000
42	1.248000
43	1.248000
14	1.249000
51	1.249000
3	1.251000
77	1.251000
78	1.252000
80	1.253000
19	1.254000
63	1.254000
64	1.255000
4	1.256000
5	1.258000
9	1.259000
44	1.259000
99	1.259000
6	1.260000
43	1.260000
22	1.261000
45	1.262000
20	1.263000
23	1.263000
19	1.264000
24	1.265000
100	1.266000
25	1.267000
15	1.268000
81	1.268000
21	1.269000
26	1.269000
10	1.270000
52	1.270000
27	1.271000
44	1.271000
79	1.271000
20	1.273000
28	1.273000
65	1.273000
45	1.274000
29	1.275000
46	1.275000
47	1.276000
48	1.276000
93	1.276000
30	1.277000
53	1.277000
54	1.277000
7	1.278000
11	1.279000
16	1.279000
21	1.279000
31	1.279000
1	1.283000
80	1.283000
17	1.286000
46	1.287000
47	1.288000
48	1.288000
8	1.290000
49	1.290000
55	1.290000
66	1.293000
56	1.294000
86	1.294500
81	1.298000
18	1.299000
49	1.302000
50	1.302000
67	1.302000
57	1.303000
9	1.304000
58	1.306000
51	1.309000
59	1.311000
68	1.311000
22	1.313000
50	1.314000
10	1.315000
23	1.315000
19	1.316000
60	1.316000
61	1.316000
62	1.316000
24	1.317000
25	1.319000
69	1.319000
70	1.319000
71	1.319000
26	1.321000
51	1.321000
27	1.323000
11	1.324000
20	1.325000
28	1.325000
29	1.327000
63	1.327000
64	1.328000
30	1.329000
21	1.331000
31	1.331000
52	1.341000
12	1.342000
42	1.344000
65	1.346000
53	1.348000
54	1.348000
52	1.350000
43	1.356000
13	1.357000
53	1.357000
54	1.357000
55	1.361000
56	1.365000
66	1.366000
44	1.367000
14	1.370000
45	1.370000
55	1.370000
72	1.372000
56	1.374000
57	1.374000
67	1.375000
58	1.377000
73	1.381000
82	1.381000
59	1.382000
46	1.383000
57	1.383000
39	1.383500
47	1.384000
48	1.384000
68	1.384000
82	1.384000
2	1.385000
4	1.386000
52	1.386000
58	1.386000
83	1.386000
92	1.386000
60	1.387000
61	1.387000
93	1.387000
3	1.388000
15	1.389000
83	1.389000
59	1.391000
84	1.391000
69	1.392000
70	1.392000
71	1.392000
92	1.392000
4	1.393000
53	1.393000
54	1.393000
93	1.393000
84	1.394000
5	1.395000
74	1.395000
60	1.396000
61	1.396000
85	1.396000
6	1.397000
49	1.398000
72	1.398000
85	1.399000
94	1.399000
16	1.400000
75	1.400000
12	1.401000
22	1.401000
86	1.401000
23	1.403000
86	1.404000
24	1.405000
76	1.405000
94	1.405000
55	1.406000
87	1.406000
17	1.407000
25	1.407000
73	1.407000
42	1.408000
26	1.409000
87	1.409000
41	1.409500
50	1.410000
56	1.410000
27	1.411000
88	1.411000
28	1.413000
88	1.414000
7	1.415000
29	1.415000
13	1.416000
89	1.416000
30	1.417000
51	1.417000
62	1.418000
31	1.419000
57	1.419000
89	1.419000
95	1.419000
36	1.419500
18	1.420000
43	1.420000
77	1.420000
74	1.421000
78	1.421000
90	1.421000
58	1.422000
90	1.424000
78	1.424500
95	1.425000
75	1.426000
91	1.426000
8	1.427000
59	1.427000
14	1.429000
63	1.429000
91	1.429000
64	1.430000
44	1.431000
52	1.431000
76	1.431000
12	1.432000
60	1.432000
61	1.432000
92	1.433000
96	1.433000
12	1.434000
45	1.434000
93	1.434000
19	1.437000
53	1.438000
54	1.438000
96	1.439000
62	1.440000
79	1.440000
2	1.441000
9	1.441000
12	1.441000
3	1.444000
72	1.444000
20	1.446000
77	1.446000
94	1.446000
13	1.447000
46	1.447000
78	1.447000
15	1.448000
47	1.448000
48	1.448000
65	1.448000
4	1.449000
13	1.449000
97	1.450000
5	1.451000
55	1.451000
63	1.451000
10	1.452000
21	1.452000
64	1.452000
80	1.452000
6	1.453000
73	1.453000
56	1.455000
13	1.456000
97	1.456000
16	1.459000
14	1.460000
22	1.460000
11	1.461000
14	1.462000
23	1.462000
49	1.462000
24	1.464000
57	1.464000
17	1.466000
25	1.466000
79	1.466000
95	1.466000
98	1.466000
58	1.467000
74	1.467000
81	1.467000
26	1.468000
66	1.468000
14	1.469000
27	1.470000
52	1.470000
65	1.470000
7	1.471000
28	1.472000
59	1.472000
75	1.472000
98	1.472000
29	1.474000
50	1.474000
2	1.475000
30	1.476000
32	1.476000
53	1.477000
54	1.477000
60	1.477000
61	1.477000
67	1.477000
76	1.477000
3	1.478000
31	1.478000
80	1.478000
15	1.479000
18	1.479000
96	1.480000
15	1.481000
51	1.481000
4	1.483000
8	1.483000
42	1.483000
99	1.484000
5	1.485000
33	1.486000
68	1.486000
6	1.487000
15	1.488000
16	1.490000
55	1.490000
66	1.490000
99	1.490000
100	1.491000
16	1.492000
77	1.492000
78	1.493000
81	1.493000
56	1.494000
69	1.494000
70	1.494000
71	1.494000
43	1.495000
19	1.496000
34	1.496000
9	1.497000
17	1.497000
97	1.497000
100	1.497000
12	1.499000
16	1.499000
17	1.499000
67	1.499000
22	1.500000
23	1.502000
52	1.502000
57	1.503000
24	1.504000
7	1.505000
20	1.505000
17	1.506000
22	1.506000
25	1.506000
35	1.506000
44	1.506000
58	1.506000
1	1.508000
10	1.508000
23	1.508000
26	1.508000
68	1.508000
45	1.509000
53	1.509000
54	1.509000
18	1.510000
24	1.510000
27	1.510000
21	1.511000
59	1.511000
18	1.512000
25	1.512000
28	1.512000
62	1.512000
79	1.512000
1	1.513000
98	1.513000
1	1.514000
13	1.514000
26	1.514000
29	1.514000
27	1.516000
30	1.516000
36	1.516000
60	1.516000
61	1.516000
69	1.516000
70	1.516000
71	1.516000
8	1.517000
11	1.517000
28	1.518000
31	1.518000
18	1.519000
29	1.520000
30	1.522000
46	1.522000
55	1.522000
47	1.523000
48	1.523000
63	1.523000
31	1.524000
64	1.524000
80	1.524000
86	1.525500
37	1.526000
56	1.526000
14	1.527000
19	1.527000
19	1.529000
88	1.529000
9	1.531000
99	1.531000
12	1.532000
42	1.534000
57	1.535000
19	1.536000
20	1.536000
38	1.536000
49	1.537000
20	1.538000
58	1.538000
100	1.538000
81	1.539000
10	1.542000
21	1.542000
65	1.542000
59	1.543000
21	1.544000
20	1.545000
15	1.546000
39	1.546000
43	1.546000
13	1.547000
60	1.548000
61	1.548000
82	1.548000
50	1.549000
11	1.551000
21	1.551000
83	1.553000
32	1.554000
1	1.555000
40	1.556000
51	1.556000
16	1.557000
44	1.557000
84	1.558000
92	1.558000
93	1.559000
14	1.560000
45	1.560000
66	1.562000
85	1.563000
17	1.564000
33	1.564000
41	1.566000
22	1.568000
86	1.568000
12	1.569000
23	1.570000
22	1.571000
67	1.571000
94	1.571000
24	1.572000
23	1.573000
46	1.573000
87	1.573000
25	1.574000
34	1.574000
47	1.574000
48	1.574000
24	1.575000
26	1.576000
18	1.577000
25	1.577000
27	1.578000
42	1.578000
88	1.578000
15	1.579000
26	1.579000
2	1.580000
28	1.580000
68	1.580000
12	1.581000
27	1.581000
29	1.582000
3	1.583000
28	1.583000
89	1.583000
13	1.584000
30	1.584000
35	1.584000
29	1.585000
31	1.586000
37	1.586500
30	1.587000
4	1.588000
49	1.588000
69	1.588000
70	1.588000
71	1.588000
90	1.588000
31	1.589000
5	1.590000
16	1.590000
43	1.590000
72	1.590000
95	1.591000
6	1.592000
72	1.593000
91	1.593000
19	1.594000
36	1.594000
13	1.596000
14	1.597000
17	1.597000
32	1.597000
92	1.597000
93	1.598000
32	1.599000
73	1.599000
50	1.600000
44	1.601000
73	1.602000
20	1.603000
37	1.604000
45	1.604000
82	1.605000
96	1.605000
33	1.607000
51	1.607000
73	1.608500
14	1.609000
21	1.609000
33	1.609000
7	1.610000
18	1.610000
83	1.610000
94	1.610000
74	1.613000
38	1.614000
84	1.615000
15	1.616000
74	1.616000
34	1.617000
46	1.617000
47	1.618000
48	1.618000
75	1.618000
34	1.619000
85	1.620000
75	1.621000
8	1.622000
97	1.622000
72	1.623000
76	1.623000
39	1.624000
86	1.625000
76	1.626000
16	1.627000
19	1.627000
35	1.627000
15	1.628000
22	1.628000
35	1.629000
23	1.630000
87	1.630000
95	1.630000
24	1.632000
49	1.632000
73	1.632000
17	1.634000
25	1.634000
40	1.634000
88	1.635000
9	1.636000
20	1.636000
26	1.636000
36	1.637000
27	1.638000
77	1.638000
98	1.638000
16	1.639000
36	1.639000
78	1.639000
28	1.640000
89	1.640000
77	1.641000
92	1.641000
21	1.642000
29	1.642000
78	1.642000
93	1.642000
30	1.644000
41	1.644000
50	1.644000
96	1.644000
90	1.645000
17	1.646000
31	1.646000
74	1.646000
10	1.647000
18	1.647000
37	1.647000
22	1.648000
37	1.649000
23	1.650000
91	1.650000
51	1.651000
75	1.651000
24	1.652000
92	1.652000
93	1.653000
25	1.654000
94	1.654000
11	1.656000
26	1.656000
76	1.656000
99	1.656000
38	1.657000
27	1.658000
79	1.658000
18	1.659000
38	1.659000
28	1.660000
79	1.661000
97	1.661000
29	1.662000
100	1.663000
19	1.664000
30	1.664000
94	1.665000
31	1.666000
39	1.667000
2	1.667500
39	1.669000
80	1.670000
32	1.671000
77	1.671000
78	1.672000
12	1.673000
20	1.673000
80	1.673000
95	1.674000
19	1.676000
40	1.677000
98	1.677000
21	1.679000
40	1.679000
1	1.680000
33	1.681000
82	1.681000
20	1.685000
81	1.685000
95	1.685000
83	1.686000
41	1.687000
13	1.688000
81	1.688000
96	1.688000
41	1.689000
21	1.691000
34	1.691000
79	1.691000
84	1.691000
99	1.695000
85	1.696000
56	1.697500
96	1.699000
14	1.701000
35	1.701000
86	1.701000
100	1.702000
80	1.703000
97	1.705000
87	1.706000
82	1.708000
36	1.711000
88	1.711000
83	1.713000
89	1.716000
97	1.716000
81	1.718000
82	1.718000
84	1.718000
1	1.719000
15	1.720000
37	1.721000
90	1.721000
98	1.721000
1	1.722500
83	1.723000
85	1.723000
91	1.726000
84	1.728000
86	1.728000
8	1.731000
16	1.731000
38	1.731000
98	1.732000
85	1.733000
87	1.733000
92	1.735500
17	1.738000
86	1.738000
88	1.738000
99	1.739000
39	1.741000
87	1.743000
89	1.743000
100	1.746000
88	1.748000
90	1.748000
99	1.750000
18	1.751000
40	1.751000
22	1.752000
89	1.753000
91	1.753000
23	1.754000
52	1.754000
24	1.756000
82	1.756000
92	1.757000
100	1.757000
25	1.758000
90	1.758000
93	1.758000
26	1.760000
41	1.761000
52	1.761000
53	1.761000
54	1.761000
83	1.761000
27	1.762000
1	1.763000
91	1.763000
28	1.764000
29	1.766000
43	1.766000
84	1.766000
19	1.768000
30	1.768000
53	1.768000
54	1.768000
52	1.769000
72	1.769000
31	1.770000
94	1.770000
85	1.771000
1	1.774000
32	1.774000
55	1.774000
74	1.775000
53	1.776000
54	1.776000
86	1.776000
20	1.777000
12	1.778000
56	1.778000
73	1.778000
77	1.780000
55	1.781000
87	1.781000
82	1.782000
73	1.782500
21	1.783000
65	1.783000
33	1.784000
56	1.785000
88	1.786000
57	1.787000
83	1.787000
2	1.789000
55	1.789000
72	1.789000
58	1.790000
95	1.790000
32	1.791000
89	1.791000
3	1.792000
74	1.792000
84	1.792000
13	1.793000
56	1.793000
34	1.794000
57	1.794000
82	1.794000
12	1.795000
59	1.795000
90	1.796000
4	1.797000
58	1.797000
75	1.797000
85	1.797000
73	1.798000
5	1.799000
83	1.799000
60	1.800000
61	1.800000
4	1.801000
6	1.801000
33	1.801000
91	1.801000
57	1.802000
59	1.802000
76	1.802000
86	1.802000
92	1.802000
93	1.803000
35	1.804000
84	1.804000
96	1.804000
58	1.805000
14	1.806000
60	1.807000
61	1.807000
72	1.807000
87	1.807000
85	1.809000
13	1.810000
59	1.810000
34	1.811000
74	1.812000
88	1.812000
36	1.814000
86	1.814000
60	1.815000
61	1.815000
94	1.815000
73	1.816000
75	1.817000
77	1.817000
89	1.817000
42	1.818000
78	1.818000
7	1.819000
87	1.819000
35	1.821000
97	1.821000
76	1.822000
90	1.822000
14	1.823000
37	1.824000
88	1.824000
15	1.825000
32	1.825000
91	1.827000
89	1.829000
22	1.830000
43	1.830000
74	1.830000
8	1.831000
36	1.831000
82	1.831000
92	1.831000
23	1.832000
93	1.832000
24	1.834000
38	1.834000
90	1.834000
33	1.835000
75	1.835000
95	1.835000
16	1.836000
22	1.836000
25	1.836000
83	1.836000
2	1.837000
66	1.837000
77	1.837000
79	1.837000
98	1.837000
23	1.838000
26	1.838000
78	1.838000
91	1.839000
3	1.840000
24	1.840000
27	1.840000
76	1.840000
37	1.841000
44	1.841000
84	1.841000
15	1.842000
25	1.842000
28	1.842000
17	1.843000
26	1.844000
29	1.844000
39	1.844000
45	1.844000
94	1.844000
4	1.845000
9	1.845000
34	1.845000
2	1.846000
27	1.846000
30	1.846000
85	1.846000
5	1.847000
28	1.848000
31	1.848000
3	1.849000
6	1.849000
80	1.849000
96	1.849000
29	1.850000
38	1.851000
86	1.851000
30	1.852000
16	1.853000
4	1.854000
31	1.854000
40	1.854000
35	1.855000
77	1.855000
99	1.855000
5	1.856000
10	1.856000
18	1.856000
78	1.856000
87	1.856000
46	1.857000
79	1.857000
6	1.858000
47	1.858000
48	1.858000
17	1.860000
39	1.861000
88	1.861000
100	1.862000
12	1.863000
41	1.864000
81	1.864000
95	1.864000
11	1.865000
36	1.865000
89	1.866000
97	1.866000
7	1.867000
80	1.869000
40	1.871000
90	1.871000
49	1.872000
18	1.873000
19	1.873000
37	1.875000
52	1.875000
79	1.875000
7	1.876000
91	1.876000
13	1.878000
96	1.878000
62	1.878500
1	1.879000
8	1.879000
41	1.881000
20	1.882000
53	1.882000
54	1.882000
98	1.882000
50	1.884000
81	1.884000
38	1.885000
52	1.887000
80	1.887000
8	1.888000
21	1.888000
19	1.890000
14	1.891000
51	1.891000
9	1.893000
53	1.894000
54	1.894000
22	1.895000
39	1.895000
55	1.895000
97	1.895000
23	1.897000
92	1.898000
20	1.899000
24	1.899000
56	1.899000
82	1.899000
93	1.899000
99	1.900000
25	1.901000
9	1.902000
81	1.902000
26	1.903000
10	1.904000
83	1.904000
21	1.905000
27	1.905000
40	1.905000
28	1.907000
55	1.907000
100	1.907000
57	1.908000
29	1.909000
84	1.909000
15	1.910000
30	1.911000
56	1.911000
58	1.911000
94	1.911000
98	1.911000
10	1.913000
11	1.913000
31	1.913000
22	1.914000
85	1.914000
41	1.915000
23	1.916000
32	1.916000
59	1.916000
24	1.918000
86	1.919000
25	1.920000
42	1.920000
57	1.920000
16	1.921000
60	1.921000
61	1.921000
82	1.921000
11	1.922000
26	1.922000
58	1.923000
1	1.924000
27	1.924000
87	1.924000
12	1.925000
61	1.925000
28	1.926000
33	1.926000
83	1.926000
92	1.927000
17	1.928000
29	1.928000
59	1.928000
93	1.928000
88	1.929000
99	1.929000
2	1.930000
30	1.930000
1	1.930500
2	1.931000
84	1.931000
95	1.931000
31	1.932000
43	1.932000
3	1.933000
60	1.933000
61	1.933000
3	1.934000
89	1.934000
67	1.935500
12	1.936000
34	1.936000
85	1.936000
100	1.936000
4	1.938000
52	1.938000
4	1.939000
90	1.939000
5	1.940000
13	1.940000
94	1.940000
5	1.941000
18	1.941000
86	1.941000
6	1.942000
6	1.943000
44	1.943000
91	1.944000
53	1.945000
54	1.945000
96	1.945000
35	1.946000
45	1.946000
87	1.946000
2	1.949000
13	1.951000
88	1.951000
3	1.952000
1	1.953000
14	1.953000
36	1.956000
89	1.956000
4	1.957000
19	1.958000
55	1.958000
68	1.958500
5	1.959000
46	1.959000
7	1.960000
47	1.960000
48	1.960000
62	1.960000
95	1.960000
6	1.961000
7	1.961000
12	1.961000
90	1.961000
56	1.962000
97	1.962000
14	1.964000
32	1.964000
42	1.964000
48	1.965000
37	1.966000
91	1.966000
20	1.967000
42	1.969000
57	1.971000
63	1.971000
8	1.972000
15	1.972000
64	1.972000
8	1.973000
21	1.973000
33	1.974000
49	1.974000
58	1.974000
96	1.974000
13	1.976000
38	1.976000
43	1.976000
98	1.978000
7	1.979000
59	1.979000
72	1.979000
2	1.981000
43	1.981000
15	1.983000
16	1.983000
3	1.984000
34	1.984000
60	1.984000
61	1.984000
92	1.985000
2	1.986000
9	1.986000
39	1.986000
50	1.986000
93	1.986000
9	1.987000
44	1.987000
32	1.988000
73	1.988000
3	1.989000
4	1.989000
14	1.989000
17	1.990000
45	1.990000
65	1.990000
5	1.991000
8	1.991000
52	1.991000
97	1.991000
73	1.991500
44	1.992000
6	1.993000
51	1.993000
65	1.993000
4	1.994000
16	1.994000
35	1.994000
45	1.995000
92	1.995000
5	1.996000
40	1.996000
93	1.996000
99	1.996000
10	1.997000
6	1.998000
10	1.998000
12	1.998000
33	1.998000
53	1.998000
54	1.998000
94	1.998000
17	2.001000
74	2.002000
18	2.003000
46	2.003000
72	2.003000
100	2.003000
36	2.004000
47	2.004000
48	2.004000
9	2.005000
11	2.006000
41	2.006000
11	2.007000
75	2.007000
98	2.007000
15	2.008000
34	2.008000
46	2.008000
94	2.008000
47	2.009000
48	2.009000
66	2.010000
7	2.011000
32	2.011000
55	2.011000
73	2.012000
76	2.012000
13	2.013000
22	2.013000
18	2.014000
37	2.014000
23	2.015000
56	2.015000
7	2.016000
10	2.016000
22	2.017000
24	2.017000
35	2.018000
49	2.018000
72	2.018000
95	2.018000
16	2.019000
23	2.019000
25	2.019000
67	2.019000
1	2.020000
19	2.020000
24	2.021000
26	2.021000
33	2.021000
8	2.023000
25	2.023000
27	2.023000
49	2.023000
86	2.023000
38	2.024000
57	2.024000
11	2.025000
26	2.025000
28	2.025000
99	2.025000
14	2.026000
17	2.026000
74	2.026000
92	2.026000
27	2.027000
29	2.027000
58	2.027000
73	2.027000
77	2.027000
93	2.027000
8	2.028000
36	2.028000
68	2.028000
78	2.028000
95	2.028000
20	2.029000
28	2.029000
30	2.029000
50	2.030000
19	2.031000
29	2.031000
31	2.031000
34	2.031000
75	2.031000
59	2.032000
96	2.032000
100	2.032000
78	2.032500
30	2.033000
39	2.034000
21	2.035000
31	2.035000
50	2.035000
69	2.036000
70	2.036000
71	2.036000
76	2.036000
9	2.037000
51	2.037000
60	2.037000
61	2.037000
37	2.038000
18	2.039000
94	2.039000
20	2.040000
35	2.041000
74	2.041000
61	2.041500
9	2.042000
51	2.042000
96	2.042000
40	2.044000
15	2.045000
21	2.046000
75	2.046000
79	2.047000
10	2.048000
38	2.048000
1	2.049000
97	2.049000
72	2.050000
36	2.051000
76	2.051000
77	2.051000
78	2.052000
10	2.053000
1	2.053500
41	2.054000
16	2.056000
19	2.056000
11	2.057000
39	2.058000
73	2.059000
80	2.059000
95	2.059000
97	2.059000
37	2.061000
11	2.062000
17	2.063000
20	2.065000
98	2.065000
77	2.066000
78	2.067000
40	2.068000
12	2.070000
21	2.071000
38	2.071000
79	2.071000
74	2.073000
96	2.073000
52	2.074000
81	2.074000
72	2.075000
98	2.075000
18	2.076000
41	2.078000
75	2.078000
12	2.079000
39	2.081000
53	2.081000
54	2.081000
76	2.083000
80	2.083000
99	2.083000
73	2.084000
13	2.085000
72	2.085000
79	2.086000
82	2.088000
97	2.090000
100	2.090000
32	2.091000
40	2.091000
19	2.093000
83	2.093000
99	2.093000
13	2.094000
55	2.094000
73	2.094000
32	2.097000
14	2.098000
56	2.098000
74	2.098000
77	2.098000
80	2.098000
81	2.098000
84	2.098000
52	2.099000
78	2.099000
100	2.100000
33	2.101000
41	2.101000
20	2.102000
56	2.102500
75	2.103000
85	2.103000
53	2.106000
54	2.106000
98	2.106000
1	2.107000
14	2.107000
33	2.107000
57	2.107000
21	2.108000
74	2.108000
76	2.108000
86	2.108000
58	2.110000
34	2.111000
1	2.112500
75	2.113000
81	2.113000
87	2.113000
59	2.115000
1	2.117000
15	2.117000
34	2.117000
76	2.118000
79	2.118000
88	2.118000
55	2.119000
60	2.120000
61	2.120000
35	2.121000
43	2.123000
56	2.123000
77	2.123000
82	2.123000
89	2.123000
78	2.124000
99	2.124000
42	2.125000
15	2.126000
35	2.127000
16	2.128000
83	2.128000
90	2.128000
22	2.129000
80	2.130000
23	2.131000
36	2.131000
100	2.131000
57	2.132000
24	2.133000
77	2.133000
84	2.133000
91	2.133000
78	2.134000
17	2.135000
25	2.135000
58	2.135000
82	2.136000
16	2.137000
26	2.137000
36	2.137000
43	2.137000
85	2.138000
27	2.139000
59	2.140000
28	2.141000
37	2.141000
83	2.141000
29	2.143000
79	2.143000
86	2.143000
17	2.144000
92	2.144000
30	2.145000
60	2.145000
61	2.145000
81	2.145000
93	2.145000
84	2.146000
31	2.147000
37	2.147000
1	2.148000
18	2.148000
44	2.148000
87	2.148000
38	2.151000
45	2.151000
85	2.151000
79	2.153000
88	2.153000
80	2.155000
86	2.156000
18	2.157000
38	2.157000
94	2.157000
89	2.158000
39	2.161000
87	2.161000
32	2.162000
90	2.163000
46	2.164000
19	2.165000
47	2.165000
48	2.165000
80	2.165000
88	2.166000
39	2.167000
91	2.168000
81	2.170000
40	2.171000
89	2.171000
33	2.172000
19	2.174000
20	2.174000
90	2.176000
40	2.177000
95	2.177000
67	2.177500
49	2.179000
21	2.180000
72	2.180000
81	2.180000
41	2.181000
91	2.181000
3	2.181500
34	2.182000
20	2.183000
71	2.185000
41	2.187000
21	2.189000
73	2.189000
8	2.190000
50	2.191000
96	2.191000
35	2.192000
52	2.196000
51	2.198000
36	2.202000
2	2.203000
12	2.203000
53	2.203000
54	2.203000
74	2.203000
3	2.206000
75	2.208000
97	2.208000
4	2.211000
82	2.211000
37	2.212000
5	2.213000
76	2.213000
6	2.215000
55	2.216000
62	2.216000
83	2.216000
13	2.218000
56	2.220000
84	2.221000
38	2.222000
48	2.223500
98	2.224000
85	2.226000
63	2.227000
64	2.228000
77	2.228000
57	2.229000
78	2.229000
82	2.229000
14	2.231000
86	2.231000
39	2.232000
58	2.232000
7	2.233000
83	2.234000
87	2.236000
59	2.237000
84	2.239000
88	2.241000
40	2.242000
60	2.242000
61	2.242000
99	2.242000
85	2.244000
8	2.245000
32	2.245000
65	2.246000
89	2.246000
68	2.247500
79	2.248000
86	2.249000
100	2.249000
15	2.250000
90	2.251000
41	2.252000
87	2.254000
33	2.255000
22	2.256000
91	2.256000
23	2.258000
9	2.259000
88	2.259000
24	2.260000
80	2.260000
16	2.261000
25	2.262000
26	2.264000
89	2.264000
34	2.265000
1	2.266000
27	2.266000
66	2.266000
17	2.268000
28	2.268000
90	2.269000
1	2.269500
10	2.270000
29	2.270000
72	2.270000
30	2.272000
1	2.274000
31	2.274000
91	2.274000
35	2.275000
67	2.275000
81	2.275000
82	2.278000
11	2.279000
73	2.279000
92	2.279000
93	2.280000
18	2.281000
73	2.282500
83	2.283000
68	2.284000
36	2.285000
84	2.288000
69	2.292000
70	2.292000
71	2.292000
94	2.292000
74	2.293000
85	2.293000
62	2.294000
37	2.295000
19	2.298000
75	2.298000
86	2.298000
76	2.303000
87	2.303000
38	2.305000
63	2.305000
64	2.306000
20	2.307000
2	2.308000
88	2.308000
3	2.311000
95	2.312000
21	2.313000
89	2.313000
39	2.315000
4	2.316000
5	2.318000
77	2.318000
90	2.318000
78	2.319000
6	2.320000
91	2.323000
52	2.324000
65	2.324000
40	2.325000
96	2.326000
22	2.327000
23	2.329000
65	2.329000
24	2.331000
53	2.331000
54	2.331000
2	2.332000
25	2.333000
3	2.335000
26	2.335000
41	2.335000
27	2.337000
7	2.338000
79	2.338000
28	2.339000
4	2.340000
72	2.340000
29	2.341000
5	2.342000
30	2.343000
97	2.343000
6	2.344000
55	2.344000
66	2.344000
31	2.345000
72	2.346000
92	2.347000
56	2.348000
93	2.348000
73	2.349000
49	2.349500
2	2.350000
8	2.350000
52	2.350000
80	2.350000
3	2.353000
67	2.353000
73	2.355000
53	2.357000
54	2.357000
57	2.357000
2	2.358000
4	2.358000
32	2.358000
98	2.359000
5	2.360000
58	2.360000
94	2.360000
3	2.361000
6	2.362000
7	2.362000
68	2.362000
74	2.363000
9	2.364000
32	2.364000
59	2.365000
81	2.365000
4	2.366000
5	2.368000
33	2.368000
75	2.368000
74	2.369000
6	2.370000
55	2.370000
60	2.370000
61	2.370000
69	2.370000
70	2.370000
71	2.370000
92	2.370000
93	2.371000
76	2.373000
8	2.374000
33	2.374000
56	2.374000
75	2.374000
10	2.375000
99	2.377000
34	2.378000
76	2.379000
7	2.380000
95	2.380000
57	2.383000
94	2.383000
11	2.384000
34	2.384000
100	2.384000
35	2.384500
58	2.386000
7	2.388000
9	2.388000
35	2.388000
77	2.388000
78	2.389000
52	2.390000
59	2.391000
8	2.392000
44	2.392500
35	2.394000
77	2.394000
96	2.394000
78	2.395000
60	2.396000
61	2.396000
53	2.397000
54	2.397000
36	2.398000
10	2.399000
8	2.400000
1	2.401000
42	2.402000
62	2.403000
95	2.403000
1	2.404000
36	2.404000
9	2.406000
11	2.408000
37	2.408000
79	2.408000
55	2.410000
62	2.410000
97	2.411000
2	2.412000
22	2.413000
9	2.414000
37	2.414000
56	2.414000
63	2.414000
79	2.414000
3	2.415000
23	2.415000
64	2.415000
10	2.417000
24	2.417000
42	2.417000
96	2.417000
38	2.418000
25	2.419000
4	2.420000
42	2.420000
80	2.420000
26	2.421000
63	2.421000
82	2.421000
5	2.422000
64	2.422000
27	2.423000
57	2.423000
6	2.424000
38	2.424000
10	2.425000
28	2.425000
4	2.426000
11	2.426000
58	2.426000
80	2.426000
83	2.426000
29	2.427000
98	2.427000
39	2.428000
30	2.429000
43	2.429000
31	2.431000
59	2.431000
82	2.431000
84	2.431000
43	2.432000
62	2.433000
65	2.433000
11	2.434000
39	2.434000
97	2.434000
81	2.435000
19	2.436000
60	2.436000
61	2.436000
83	2.436000
85	2.436000
40	2.438000
44	2.440000
52	2.440000
65	2.440000
81	2.441000
84	2.441000
86	2.441000
87	2.441500
7	2.442000
44	2.443000
45	2.443000
40	2.444000
63	2.444000
64	2.445000
99	2.445000
45	2.446000
85	2.446000
87	2.446000
53	2.447000
54	2.447000
41	2.448000
92	2.450000
98	2.450000
86	2.451000
88	2.451000
93	2.451000
51	2.451500
100	2.452000
32	2.453000
66	2.453000
8	2.454000
41	2.454000
62	2.454000
12	2.456000
46	2.456000
87	2.456000
89	2.456000
47	2.457000
48	2.457000
46	2.459000
47	2.460000
48	2.460000
55	2.460000
66	2.460000
88	2.461000
90	2.461000
67	2.462000
33	2.463000
65	2.463000
94	2.463000
56	2.464000
63	2.465000
64	2.466000
89	2.466000
91	2.466000
9	2.468000
42	2.468000
99	2.468000
1	2.469000
67	2.469000
13	2.471000
49	2.471000
68	2.471000
90	2.471000
1	2.472000
34	2.473000
57	2.473000
49	2.474000
100	2.475000
58	2.476000
91	2.476000
68	2.478000
1	2.478500
10	2.479000
69	2.479000
70	2.479000
71	2.479000
43	2.480000
59	2.481000
35	2.483000
50	2.483000
66	2.483000
95	2.483000
14	2.484000
65	2.484000
50	2.486000
60	2.486000
61	2.486000
69	2.486000
70	2.486000
71	2.486000
11	2.488000
12	2.488000
2	2.489000
51	2.490000
44	2.491000
82	2.491000
1	2.492000
3	2.492000
67	2.492000
36	2.493000
51	2.493000
45	2.494000
83	2.496000
4	2.497000
96	2.497000
5	2.499000
6	2.501000
52	2.501000
68	2.501000
84	2.501000
13	2.503000
15	2.503000
37	2.503000
2	2.504000
66	2.504000
62	2.505000
85	2.506000
3	2.507000
12	2.507000
46	2.507000
47	2.508000
48	2.508000
53	2.508000
54	2.508000
69	2.509000
70	2.509000
71	2.509000
86	2.511000
4	2.512000
54	2.512000
38	2.513000
67	2.513000
82	2.513000
5	2.514000
16	2.514000
97	2.514000
6	2.516000
14	2.516000
63	2.516000
87	2.516000
62	2.517000
64	2.517000
83	2.518000
7	2.519000
92	2.520000
17	2.521000
55	2.521000
88	2.521000
93	2.521000
13	2.522000
49	2.522000
68	2.522000
39	2.523000
84	2.523000
22	2.524000
56	2.525000
23	2.526000
89	2.526000
24	2.528000
63	2.528000
85	2.528000
64	2.529000
25	2.530000
69	2.530000
70	2.530000
71	2.530000
98	2.530000
8	2.531000
90	2.531000
26	2.532000
40	2.533000
86	2.533000
94	2.533000
7	2.534000
18	2.534000
27	2.534000
50	2.534000
57	2.534000
14	2.535000
15	2.535000
65	2.535000
28	2.536000
91	2.536000
58	2.537000
29	2.538000
87	2.538000
30	2.540000
51	2.541000
31	2.542000
59	2.542000
41	2.543000
88	2.543000
9	2.545000
8	2.546000
16	2.546000
60	2.547000
61	2.547000
65	2.547000
89	2.548000
99	2.548000
19	2.551000
17	2.553000
90	2.553000
95	2.553000
15	2.554000
66	2.555000
100	2.555000
10	2.556000
62	2.556000
91	2.558000
9	2.560000
20	2.560000
42	2.563000
67	2.564000
11	2.565000
16	2.565000
18	2.566000
21	2.566000
42	2.567000
63	2.567000
66	2.567000
96	2.567000
64	2.568000
10	2.571000
62	2.571000
1	2.572000
17	2.572000
92	2.572000
68	2.573000
93	2.573000
2	2.575000
43	2.575000
1	2.576000
67	2.576000
3	2.578000
43	2.579000
11	2.580000
42	2.580000
69	2.581000
70	2.581000
71	2.581000
63	2.582000
4	2.583000
19	2.583000
64	2.583000
97	2.584000
5	2.585000
18	2.585000
22	2.585000
32	2.585000
68	2.585000
94	2.585000
44	2.586000
65	2.586000
6	2.587000
23	2.587000
24	2.589000
45	2.589000
44	2.590000
25	2.591000
72	2.591000
20	2.592000
43	2.592000
26	2.593000
45	2.593000
69	2.593000
70	2.593000
71	2.593000
27	2.595000
33	2.595000
28	2.597000
21	2.598000
29	2.599000
73	2.600000
98	2.600000
30	2.601000
65	2.601000
19	2.602000
46	2.602000
31	2.603000
44	2.603000
47	2.603000
48	2.603000
7	2.605000
34	2.605000
95	2.605000
73	2.605500
45	2.606000
46	2.606000
66	2.606000
47	2.607000
48	2.607000
20	2.611000
32	2.614000
62	2.614000
74	2.614000
35	2.615000
67	2.615000
12	2.616000
8	2.617000
21	2.617000
49	2.617000
82	2.617000
42	2.618000
99	2.618000
46	2.619000
75	2.619000
96	2.619000
47	2.620000
48	2.620000
49	2.621000
66	2.621000
83	2.622000
92	2.623000
33	2.624000
68	2.624000
76	2.624000
93	2.624000
36	2.625000
63	2.625000
100	2.625000
64	2.626000
84	2.627000
32	2.629000
50	2.629000
43	2.630000
67	2.630000
9	2.631000
13	2.631000
69	2.632000
70	2.632000
71	2.632000
85	2.632000
50	2.633000
62	2.633000
2	2.634000
34	2.634000
49	2.634000
37	2.635000
51	2.636000
94	2.636000
97	2.636000
3	2.637000
86	2.637000
79	2.637500
2	2.638000
33	2.639000
68	2.639000
77	2.639000
51	2.640000
78	2.640000
3	2.641000
44	2.641000
1	2.642000
4	2.642000
10	2.642000
87	2.642000
5	2.644000
14	2.644000
35	2.644000
45	2.644000
63	2.644000
65	2.644000
38	2.645000
64	2.645000
1	2.645500
4	2.646000
6	2.646000
50	2.646000
52	2.647000
69	2.647000
70	2.647000
71	2.647000
72	2.647000
88	2.647000
5	2.648000
65	2.648500
34	2.649000
6	2.650000
11	2.651000
89	2.652000
98	2.652000
51	2.653000
82	2.653000
36	2.654000
53	2.654000
54	2.654000
55	2.654500
39	2.655000
73	2.656000
95	2.656000
46	2.657000
90	2.657000
47	2.658000
48	2.658000
83	2.658000
35	2.659000
79	2.659000
73	2.660000
22	2.661000
91	2.662000
15	2.663000
23	2.663000
65	2.663000
84	2.663000
7	2.664000
37	2.664000
66	2.664000
24	2.665000
40	2.665000
25	2.667000
55	2.667000
7	2.668000
85	2.668000
26	2.669000
36	2.669000
74	2.670000
96	2.670000
99	2.670000
27	2.671000
56	2.671000
80	2.671000
49	2.672000
28	2.673000
67	2.673000
86	2.673000
16	2.674000
38	2.674000
29	2.675000
41	2.675000
75	2.675000
8	2.676000
30	2.677000
100	2.677000
87	2.678000
31	2.679000
37	2.679000
8	2.680000
57	2.680000
76	2.680000
17	2.681000
68	2.682000
22	2.683000
58	2.683000
66	2.683000
88	2.683000
39	2.684000
50	2.684000
23	2.685000
60	2.686000
81	2.686000
24	2.687000
97	2.687000
59	2.688000
89	2.688000
25	2.689000
38	2.689000
9	2.690000
69	2.690000
70	2.690000
71	2.690000
12	2.691000
26	2.691000
51	2.691000
67	2.692000
27	2.693000
60	2.693000
61	2.693000
90	2.693000
1	2.694000
9	2.694000
18	2.694000
40	2.694000
28	2.695000
77	2.695000
78	2.696000
29	2.697000
1	2.697500
91	2.698000
30	2.699000
39	2.699000
10	2.701000
31	2.701000
68	2.701000
98	2.703000
41	2.704000
10	2.705000
13	2.706000
82	2.707000
40	2.709000
69	2.709000
70	2.709000
71	2.709000
11	2.710000
19	2.711000
72	2.711000
83	2.712000
11	2.714000
62	2.714000
79	2.715000
92	2.716000
84	2.717000
12	2.718000
14	2.719000
41	2.719000
20	2.720000
73	2.720000
99	2.721000
85	2.722000
63	2.725000
72	2.725000
21	2.726000
64	2.726000
72	2.726000
80	2.727000
86	2.727000
100	2.728000
87	2.732000
13	2.733000
73	2.734000
74	2.734000
73	2.735000
88	2.737000
15	2.738000
75	2.739000
81	2.742000
89	2.742000
32	2.743000
65	2.744000
76	2.744000
1	2.745000
14	2.746000
32	2.747000
90	2.747000
74	2.748000
16	2.749000
74	2.749000
91	2.752000
33	2.753000
75	2.753000
75	2.754000
17	2.756000
33	2.757000
76	2.758000
76	2.759000
77	2.759000
78	2.760000
34	2.763000
66	2.764000
15	2.765000
34	2.767000
18	2.769000
35	2.773000
67	2.773000
77	2.773000
82	2.773000
77	2.774000
78	2.774000
78	2.775000
16	2.776000
35	2.777000
82	2.777000
83	2.778000
79	2.779000
68	2.782000
83	2.782000
17	2.783000
36	2.783000
84	2.783000
42	2.785000
19	2.786000
36	2.787000
82	2.787000
84	2.787000
85	2.788000
69	2.790000
70	2.790000
71	2.790000
80	2.791000
83	2.792000
85	2.792000
37	2.793000
79	2.793000
86	2.793000
79	2.794000
20	2.795000
42	2.795000
18	2.796000
37	2.797000
43	2.797000
84	2.797000
86	2.797000
87	2.798000
2	2.800000
42	2.800000
21	2.801000
85	2.802000
87	2.802000
3	2.803000
38	2.803000
88	2.803000
80	2.805000
82	2.805000
80	2.806000
81	2.806000
38	2.807000
43	2.807000
86	2.807000
88	2.807000
4	2.808000
44	2.808000
89	2.808000
5	2.810000
62	2.810000
83	2.810000
45	2.811000
6	2.812000
43	2.812000
87	2.812000
89	2.812000
19	2.813000
39	2.813000
90	2.813000
84	2.815000
39	2.817000
88	2.817000
90	2.817000
42	2.818000
44	2.818000
91	2.818000
81	2.820000
85	2.820000
45	2.821000
63	2.821000
81	2.821000
20	2.822000
64	2.822000
89	2.822000
91	2.822000
40	2.823000
44	2.823000
46	2.824000
47	2.825000
48	2.825000
86	2.825000
45	2.826000
40	2.827000
90	2.827000
21	2.828000
42	2.829000
7	2.830000
43	2.830000
87	2.830000
22	2.831000
91	2.832000
92	2.832000
23	2.833000
41	2.833000
93	2.833000
46	2.834000
24	2.835000
47	2.835000
48	2.835000
88	2.835000
25	2.837000
41	2.837000
26	2.839000
46	2.839000
49	2.839000
32	2.840000
47	2.840000
48	2.840000
65	2.840000
89	2.840000
27	2.841000
43	2.841000
44	2.841000
8	2.842000
28	2.843000
62	2.843000
45	2.844000
29	2.845000
90	2.845000
94	2.845000
30	2.847000
31	2.849000
49	2.849000
33	2.850000
91	2.850000
50	2.851000
44	2.852000
52	2.853000
49	2.854000
63	2.854000
45	2.855000
64	2.855000
9	2.856000
46	2.857000
47	2.858000
48	2.858000
51	2.858000
34	2.860000
53	2.860000
54	2.860000
66	2.860000
50	2.861000
95	2.865000
50	2.866000
10	2.867000
46	2.868000
51	2.868000
92	2.868000
47	2.869000
48	2.869000
67	2.869000
93	2.869000
35	2.870000
62	2.870000
49	2.872000
51	2.873000
55	2.873000
65	2.873000
92	2.873000
93	2.874000
52	2.875000
11	2.876000
56	2.877000
68	2.878000
96	2.879000
55	2.879500
36	2.880000
63	2.881000
94	2.881000
53	2.882000
54	2.882000
64	2.882000
49	2.883000
50	2.884000
57	2.886000
69	2.886000
70	2.886000
71	2.886000
94	2.886000
58	2.889000
37	2.890000
51	2.891000
66	2.893000
32	2.894000
59	2.894000
50	2.895000
55	2.895000
32	2.896000
97	2.896000
56	2.899000
60	2.899000
61	2.899000
38	2.900000
65	2.900000
95	2.901000
51	2.902000
67	2.902000
33	2.904000
33	2.906000
61	2.906000
95	2.906000
57	2.908000
42	2.909000
32	2.910000
39	2.910000
58	2.911000
68	2.911000
92	2.911000
93	2.912000
98	2.912000
72	2.913000
34	2.914000
82	2.914000
96	2.915000
12	2.916000
34	2.916000
59	2.916000
62	2.916000
69	2.919000
70	2.919000
71	2.919000
83	2.919000
33	2.920000
40	2.920000
66	2.920000
96	2.920000
43	2.921000
60	2.921000
61	2.921000
73	2.922000
35	2.924000
84	2.924000
94	2.924000
73	2.925500
35	2.926000
2	2.927000
63	2.927000
78	2.927500
64	2.928000
67	2.929000
85	2.929000
3	2.930000
12	2.930000
34	2.930000
41	2.930000
52	2.930000
99	2.930000
13	2.931000
44	2.932000
97	2.932000
78	2.933500
36	2.934000
86	2.934000
4	2.935000
45	2.935000
22	2.936000
36	2.936000
74	2.936000
5	2.937000
53	2.937000
54	2.937000
97	2.937000
100	2.937000
23	2.938000
68	2.938000
6	2.939000
87	2.939000
24	2.940000
35	2.940000
52	2.941000
75	2.941000
25	2.942000
14	2.944000
26	2.944000
37	2.944000
88	2.944000
95	2.944000
13	2.945000
27	2.946000
37	2.946000
65	2.946000
69	2.946000
70	2.946000
71	2.946000
76	2.946000
22	2.948000
28	2.948000
46	2.948000
53	2.948000
54	2.948000
98	2.948000
47	2.949000
48	2.949000
89	2.949000
23	2.950000
29	2.950000
36	2.950000
55	2.950000
24	2.952000
30	2.952000
98	2.953000
1	2.954000
25	2.954000
31	2.954000
38	2.954000
56	2.954000
90	2.954000
26	2.956000
38	2.956000
7	2.957000
31	2.957500
14	2.958000
27	2.958000
96	2.958000
91	2.959000
28	2.960000
37	2.960000
1	2.961000
55	2.961000
77	2.961000
29	2.962000
78	2.962000
15	2.963000
49	2.963000
57	2.963000
30	2.964000
39	2.964000
56	2.965000
31	2.966000
39	2.966000
58	2.966000
66	2.966000
99	2.966000
8	2.969000
38	2.970000
59	2.971000
99	2.971000
100	2.973000
16	2.974000
40	2.974000
57	2.974000
50	2.975000
67	2.975000
82	2.975000
97	2.975000
22	2.976000
40	2.976000
60	2.976000
61	2.976000
15	2.977000
58	2.977000
92	2.977000
23	2.978000
93	2.978000
100	2.978000
24	2.980000
39	2.980000
83	2.980000
61	2.980500
17	2.981000
79	2.981000
25	2.982000
51	2.982000
59	2.982000
9	2.983000
26	2.984000
41	2.984000
68	2.984000
84	2.985000
27	2.986000
41	2.986000
42	2.987000
60	2.987000
61	2.987000
16	2.988000
28	2.988000
32	2.989000
1	2.990000
29	2.990000
40	2.990000
85	2.990000
94	2.990000
98	2.991000
30	2.992000
69	2.992000
70	2.992000
71	2.992000
80	2.993000
10	2.994000
18	2.994000
31	2.994000
1	2.995000
17	2.995000
86	2.995000
33	2.999000
43	2.999000
41	3.000000
87	3.000000
11	3.003000
88	3.005000
18	3.008000
81	3.008000
34	3.009000
99	3.009000
44	3.010000
89	3.010000
95	3.010000
19	3.011000
45	3.013000
90	3.015000
100	3.016000
35	3.019000
20	3.020000
91	3.020000
35	3.022500
96	3.024000
19	3.025000
21	3.026000
46	3.026000
47	3.027000
48	3.027000
36	3.029000
1	3.033000
20	3.034000
52	3.036000
62	3.037000
37	3.039000
21	3.040000
32	3.041000
49	3.041000
97	3.041000
53	3.043000
54	3.043000
72	3.044000
62	3.047000
63	3.048000
38	3.049000
64	3.049000
33	3.051000
50	3.053000
73	3.053000
55	3.056000
73	3.056500
12	3.057000
98	3.057000
63	3.058000
39	3.059000
64	3.059000
51	3.060000
56	3.060000
34	3.061000
73	3.061000
76	3.062000
65	3.067000
74	3.067000
40	3.069000
57	3.069000
35	3.071000
13	3.072000
58	3.072000
75	3.072000
65	3.072500
99	3.075000
15	3.077000
59	3.077000
65	3.077000
76	3.077000
41	3.079000
36	3.081000
82	3.081000
92	3.081000
60	3.082000
61	3.082000
100	3.082000
14	3.085000
83	3.086000
66	3.087000
37	3.091000
84	3.091000
77	3.092000
78	3.093000
67	3.096000
85	3.096000
66	3.097000
82	3.097000
1	3.099000
86	3.100000
38	3.101000
86	3.101000
32	3.102000
83	3.102000
1	3.103500
15	3.104000
68	3.105000
67	3.106000
87	3.106000
84	3.107000
22	3.108000
39	3.111000
88	3.111000
33	3.112000
79	3.112000
85	3.112000
69	3.113000
70	3.113000
71	3.113000
16	3.115000
68	3.115000
22	3.116000
89	3.116000
86	3.117000
23	3.118000
24	3.120000
40	3.121000
82	3.121000
90	3.121000
17	3.122000
25	3.122000
34	3.122000
87	3.122000
69	3.123000
70	3.123000
71	3.123000
26	3.124000
72	3.124000
80	3.124000
27	3.126000
83	3.126000
91	3.126000
12	3.127000
88	3.127000
7	3.127500
28	3.128000
29	3.130000
92	3.130000
41	3.131000
84	3.131000
93	3.131000
30	3.132000
35	3.132000
89	3.132000
73	3.133000
31	3.134000
18	3.135000
2	3.136000
85	3.136000
73	3.136500
72	3.137000
90	3.137000
3	3.139000
81	3.139000
86	3.141000
13	3.142000
36	3.142000
91	3.142000
94	3.143000
4	3.144000
5	3.146000
73	3.146000
87	3.146000
74	3.147000
6	3.148000
88	3.151000
19	3.152000
37	3.152000
75	3.152000
22	3.154000
14	3.155000
23	3.156000
89	3.156000
76	3.157000
24	3.158000
25	3.160000
74	3.160000
20	3.161000
90	3.161000
26	3.162000
38	3.162000
95	3.163000
27	3.164000
75	3.165000
7	3.166000
28	3.166000
32	3.166000
91	3.166000
21	3.167000
29	3.168000
30	3.170000
76	3.170000
31	3.172000
39	3.172000
77	3.172000
78	3.173000
15	3.174000
33	3.176000
96	3.177000
8	3.178000
72	3.178000
40	3.182000
16	3.185000
77	3.185000
34	3.186000
78	3.186000
73	3.187000
9	3.192000
17	3.192000
41	3.192000
52	3.192000
79	3.192000
82	3.192000
97	3.194000
35	3.196000
73	3.197000
83	3.197000
53	3.199000
54	3.199000
74	3.201000
84	3.202000
10	3.203000
80	3.204000
18	3.205000
79	3.205000
36	3.206000
75	3.206000
85	3.207000
98	3.210000
76	3.211000
11	3.212000
55	3.212000
86	3.212000
92	3.214000
93	3.215000
37	3.216000
56	3.216000
32	3.217000
80	3.217000
87	3.217000
81	3.219000
19	3.222000
88	3.222000
57	3.225000
38	3.226000
77	3.226000
33	3.227000
78	3.227000
89	3.227000
94	3.227000
58	3.228000
99	3.228000
20	3.231000
81	3.232000
90	3.232000
59	3.233000
100	3.235000
39	3.236000
21	3.237000
34	3.237000
91	3.237000
60	3.238000
61	3.238000
40	3.246000
79	3.246000
35	3.247000
95	3.247000
1	3.252000
52	3.255000
41	3.256000
52	3.256000
2	3.257000
36	3.257000
80	3.258000
66	3.259500
3	3.260000
96	3.261000
53	3.262000
54	3.262000
53	3.263000
54	3.263000
62	3.264000
4	3.265000
86	3.266000
5	3.267000
37	3.267000
72	3.268000
6	3.269000
12	3.269000
81	3.273000
55	3.275000
63	3.275000
55	3.276000
64	3.276000
38	3.277000
73	3.277000
97	3.278000
56	3.279000
56	3.280000
13	3.284000
2	3.287000
7	3.287000
39	3.287000
57	3.288000
22	3.289000
48	3.289000
57	3.289000
3	3.290000
23	3.291000
58	3.291000
74	3.291000
58	3.292000
12	3.293000
24	3.293000
65	3.294000
98	3.294000
4	3.295000
25	3.295000
59	3.296000
75	3.296000
5	3.297000
14	3.297000
26	3.297000
40	3.297000
59	3.297000
6	3.299000
8	3.299000
27	3.299000
28	3.301000
60	3.301000
61	3.301000
65	3.301000
76	3.301000
60	3.302000
61	3.302000
29	3.303000
30	3.305000
31	3.307000
41	3.307000
45	3.307500
13	3.308000
99	3.312000
9	3.313000
66	3.314000
15	3.316000
77	3.316000
7	3.317000
78	3.317000
100	3.319000
78	3.320000
14	3.321000
67	3.323000
10	3.324000
16	3.327000
8	3.329000
68	3.332000
11	3.333000
17	3.334000
1	3.336000
79	3.336000
86	3.338000
15	3.340000
69	3.340000
70	3.340000
71	3.340000
1	3.341500
9	3.343000
18	3.347000
80	3.348000
16	3.351000
10	3.354000
17	3.358000
11	3.363000
81	3.363000
19	3.364000
18	3.371000
20	3.373000
50	3.374000
44	3.378500
21	3.379000
19	3.388000
20	3.397000
36	3.398500
2	3.402000
21	3.403000
51	3.430500
86	3.430500
6	3.431000
7	3.436500
45	3.438500
57	3.454500
48	3.476500
3	3.485500
