2	0.002
1	0.007
22	0.011
32	0.012
32	0.014
22	0.015
3	0.016
32	0.016
33	0.016
59	0.0165
72	0.017
33	0.018
4	0.019
33	0.02
23	0.021
73	0.022
34	0.024
23	0.025
34	0.026
74	0.027
22	0.028
34	0.028
24	0.031
75	0.032
24	0.035
35	0.035
72	0.035
5	0.037
35	0.037
76	0.037
23	0.038
35	0.039
73	0.04
25	0.041
77	0.042
6	0.043
25	0.045
74	0.045
36	0.046
78	0.047
22	0.048
24	0.048
36	0.048
42	0.049
36	0.05
37	0.05
75	0.05
26	0.051
37	0.052
79	0.052
37	0.054
26	0.055
76	0.055
80	0.057
23	0.058
25	0.058
72	0.059
77	0.06
7	0.061
27	0.061
81	0.062
8	0.064
38	0.064
73	0.064
27	0.065
78	0.065
38	0.066
43	0.067
24	0.068
26	0.068
38	0.068
22	0.069
74	0.069
79	0.07
28	0.071
43	0.071
42	0.074
75	0.074
30	0.0745
28	0.075
80	0.075
25	0.078
27	0.078
39	0.078
23	0.079
76	0.079
39	0.08
44	0.08
81	0.08
29	0.081
9	0.082
39	0.082
40	0.084
45	0.084
77	0.084
29	0.085
52	0.085
76	0.085
40	0.086
46	0.086
62	0.087
26	0.088
28	0.088
40	0.088
72	0.088
10	0.089
24	0.089
78	0.089
30	0.091
43	0.092
73	0.093
53	0.094
79	0.094
30	0.095
27	0.098
29	0.098
74	0.098
25	0.099
54	0.099
80	0.099
31	0.101
41	0.101
47	0.102
63	0.102
41	0.103
75	0.103
11	0.104
48	0.104
52	0.104
81	0.104
31	0.105
41	0.105
44	0.105
28	0.108
30	0.108
76	0.108
26	0.109
42	0.109
45	0.109
55	0.109
64	0.109
42	0.111
46	0.111
49	0.111
53	0.113
77	0.113
68	0.116
2	0.117
29	0.118
31	0.118
54	0.118
56	0.118
78	0.118
27	0.119
65	0.122
79	0.123
32	0.124
21	0.125
2	0.127
43	0.127
47	0.127
30	0.128
33	0.128
55	0.128
80	0.128
28	0.129
43	0.129
48	0.129
21	0.1295
50	0.13
57	0.13
3	0.131
81	0.133
4	0.134
66	0.135
21	0.1355
34	0.136
49	0.136
56	0.137
31	0.138
29	0.139
67	0.139
44	0.14
3	0.141
44	0.142
4	0.144
45	0.144
51	0.145
45	0.146
46	0.146
35	0.147
46	0.148
30	0.149
57	0.149
58	0.15
68	0.15
5	0.152
42	0.153
50	0.155
59	0.156
69	0.156
6	0.158
36	0.158
60	0.158
31	0.159
70	0.161
5	0.162
37	0.162
47	0.162
47	0.164
48	0.164
48	0.166
6	0.168
61	0.168
58	0.169
51	0.17
43	0.171
49	0.171
62	0.171
49	0.173
59	0.175
7	0.176
38	0.176
60	0.177
71	0.177
15	0.1785
8	0.179
44	0.184
7	0.186
63	0.186
72	0.186
61	0.187
45	0.188
8	0.189
32	0.19
39	0.19
46	0.19
50	0.19
73	0.191
50	0.192
64	0.193
33	0.194
40	0.196
74	0.196
9	0.197
12	0.198
40	0.1985
13	0.2
75	0.201
14	0.202
34	0.202
40	0.202
42	0.202
10	0.204
15	0.204
51	0.205
14	0.206
16	0.206
47	0.206
65	0.206
76	0.206
9	0.207
51	0.207
17	0.208
48	0.208
18	0.21
76	0.2105
77	0.211
19	0.212
35	0.213
41	0.213
10	0.214
20	0.214
49	0.215
21	0.216
78	0.216
11	0.219
12	0.219
66	0.219
43	0.22
52	0.22
13	0.221
79	0.221
14	0.223
67	0.223
36	0.224
15	0.225
43	0.2255
80	0.226
16	0.227
37	0.228
11	0.229
17	0.229
53	0.229
18	0.231
81	0.231
32	0.232
19	0.233
44	0.233
50	0.234
54	0.234
68	0.234
20	0.235
52	0.235
33	0.236
21	0.237
45	0.237
46	0.239
69	0.24
38	0.242
34	0.244
52	0.244
53	0.244
55	0.244
70	0.245
38	0.246
51	0.249
54	0.249
53	0.253
56	0.253
35	0.255
47	0.255
39	0.256
48	0.257
54	0.258
55	0.259
71	0.261
40	0.262
49	0.264
57	0.265
36	0.266
55	0.268
56	0.268
37	0.27
24	0.272
56	0.277
41	0.279
57	0.28
50	0.283
38	0.284
58	0.285
42	0.286
2	0.289
57	0.289
38	0.29
59	0.291
60	0.293
38	0.295
39	0.298
51	0.298
58	0.3
3	0.303
61	0.303
72	0.303
40	0.304
43	0.304
4	0.306
59	0.306
40	0.3075
60	0.308
73	0.308
58	0.309
74	0.313
59	0.315
44	0.317
60	0.317
61	0.318
75	0.318
41	0.321
45	0.321
46	0.323
76	0.323
5	0.324
32	0.324
61	0.327
33	0.328
77	0.328
6	0.33
32	0.33
52	0.33
78	0.333
33	0.334
34	0.336
52	0.336
79	0.338
47	0.339
53	0.339
48	0.341
8	0.342
34	0.342
62	0.3425
80	0.343
54	0.344
53	0.345
35	0.347
7	0.348
42	0.348
49	0.348
81	0.348
54	0.35
8	0.351
35	0.353
55	0.354
36	0.358
55	0.36
72	0.36
37	0.362
56	0.363
62	0.363
36	0.364
73	0.365
43	0.366
50	0.367
37	0.368
9	0.369
52	0.369
56	0.369
68	0.369
74	0.37
43	0.371
57	0.375
75	0.375
10	0.376
38	0.376
53	0.378
63	0.378
44	0.379
32	0.38
76	0.38
2	0.381
57	0.381
38	0.3815
38	0.382
51	0.382
45	0.383
54	0.383
33	0.384
42	0.384
46	0.385
64	0.385
77	0.385
2	0.3865
22	0.387
39	0.39
78	0.39
11	0.391
13	0.3915
34	0.392
55	0.393
3	0.395
58	0.395
79	0.395
39	0.396
40	0.396
4	0.398
65	0.398
40	0.399
80	0.4
47	0.401
58	0.401
59	0.401
40	0.402
43	0.402
56	0.402
35	0.403
48	0.403
60	0.403
81	0.405
59	0.407
60	0.409
49	0.41
66	0.411
41	0.413
61	0.413
29	0.4135
36	0.414
57	0.414
44	0.415
67	0.415
5	0.416
37	0.418
41	0.419
45	0.419
61	0.419
46	0.421
6	0.422
68	0.426
52	0.428
50	0.429
72	0.429
38	0.432
69	0.432
58	0.434
73	0.434
47	0.437
53	0.437
70	0.437
72	0.438
48	0.439
74	0.439
7	0.44
59	0.44
54	0.442
60	0.442
8	0.443
73	0.443
51	0.444
75	0.444
39	0.446
49	0.446
74	0.448
76	0.449
40	0.452
55	0.452
61	0.452
71	0.453
75	0.453
77	0.454
76	0.4555
76	0.458
78	0.459
9	0.461
56	0.461
77	0.463
27	0.464
79	0.464
50	0.465
10	0.468
78	0.468
41	0.469
80	0.469
57	0.473
79	0.473
81	0.474
80	0.478
51	0.48
12	0.482
11	0.483
81	0.483
13	0.484
14	0.486
15	0.488
16	0.49
17	0.492
58	0.493
18	0.494
19	0.496
20	0.498
59	0.499
21	0.5
72	0.5
60	0.501
73	0.505
74	0.51
22	0.511
61	0.511
75	0.515
52	0.516
72	0.516
2	0.52
76	0.52
12	0.521
23	0.521
73	0.521
22	0.522
13	0.523
63	0.5235
14	0.525
53	0.525
77	0.525
74	0.526
15	0.527
16	0.529
54	0.53
78	0.53
17	0.531
24	0.531
75	0.531
23	0.532
18	0.533
3	0.534
26	0.5345
19	0.535
79	0.535
76	0.536
4	0.537
20	0.537
2	0.538
21	0.539
55	0.54
80	0.54
25	0.541
77	0.541
24	0.542
21	0.5435
42	0.544
22	0.545
81	0.545
78	0.546
56	0.549
26	0.551
79	0.551
3	0.552
25	0.552
4	0.555
5	0.555
23	0.555
2	0.556
80	0.556
6	0.561
27	0.561
42	0.561
57	0.561
81	0.561
26	0.562
32	0.562
43	0.562
24	0.565
33	0.566
43	0.5675
22	0.569
3	0.57
28	0.571
27	0.572
4	0.573
5	0.573
34	0.574
25	0.575
44	0.575
6	0.579
7	0.579
23	0.579
43	0.579
45	0.579
29	0.581
46	0.581
58	0.581
8	0.582
28	0.582
71	0.5835
26	0.585
35	0.585
59	0.587
24	0.589
60	0.589
84	0.5895
5	0.591
30	0.591
42	0.591
29	0.592
44	0.592
1	0.5935
27	0.595
52	0.595
36	0.596
45	0.596
6	0.597
7	0.597
47	0.597
46	0.598
25	0.599
48	0.599
61	0.599
8	0.6
9	0.6
37	0.6
31	0.601
30	0.602
42	0.602
53	0.604
28	0.605
49	0.606
10	0.607
42	0.608
26	0.609
43	0.609
54	0.609
62	0.609
66	0.61
49	0.6105
31	0.612
38	0.614
47	0.614
7	0.615
29	0.615
48	0.616
72	0.616
38	0.6175
8	0.618
9	0.618
27	0.619
55	0.619
43	0.62
73	0.621
11	0.622
44	0.622
49	0.623
63	0.624
10	0.625
30	0.625
50	0.625
43	0.626
45	0.626
74	0.626
39	0.628
46	0.628
56	0.628
28	0.629
64	0.631
72	0.631
75	0.631
44	0.633
40	0.634
31	0.635
9	0.636
73	0.636
76	0.636
45	0.637
40	0.638
76	0.6385
29	0.639
44	0.639
46	0.639
11	0.64
51	0.64
57	0.64
74	0.641
77	0.641
50	0.642
10	0.643
45	0.643
47	0.644
65	0.644
46	0.645
62	0.645
48	0.646
75	0.646
78	0.646
30	0.649
41	0.651
76	0.651
79	0.651
49	0.653
47	0.655
77	0.656
80	0.656
48	0.657
51	0.657
66	0.657
84	0.6575
11	0.658
31	0.659
58	0.66
63	0.66
47	0.661
67	0.661
78	0.661
81	0.661
48	0.663
49	0.664
59	0.666
79	0.666
64	0.667
60	0.668
49	0.67
80	0.671
50	0.672
68	0.672
72	0.674
81	0.676
12	0.677
61	0.678
69	0.678
13	0.679
73	0.679
65	0.68
14	0.681
32	0.682
15	0.683
50	0.683
70	0.683
74	0.684
16	0.685
33	0.686
17	0.687
51	0.687
18	0.689
50	0.689
75	0.689
19	0.691
22	0.691
20	0.693
66	0.693
34	0.694
76	0.694
21	0.695
67	0.697
51	0.698
21	0.6985
71	0.699
76	0.699
77	0.699
23	0.701
51	0.704
78	0.704
35	0.705
68	0.708
79	0.709
24	0.711
69	0.714
80	0.714
36	0.716
32	0.717
70	0.719
81	0.719
37	0.72
25	0.721
33	0.721
12	0.724
13	0.726
14	0.728
34	0.729
15	0.73
22	0.731
26	0.731
16	0.732
17	0.734
38	0.734
52	0.735
71	0.735
18	0.736
19	0.738
20	0.74
35	0.74
23	0.741
27	0.741
21	0.742
38	0.7425
53	0.744
38	0.7455
22	0.746
39	0.748
54	0.749
32	0.75
24	0.751
28	0.751
36	0.751
33	0.754
40	0.754
37	0.755
23	0.756
55	0.759
25	0.761
29	0.761
34	0.762
40	0.7625
24	0.766
56	0.768
38	0.769
26	0.771
30	0.771
41	0.771
32	0.773
35	0.773
25	0.776
33	0.777
5	0.779
57	0.78
27	0.781
31	0.781
2	0.783
39	0.783
36	0.784
34	0.785
52	0.785
26	0.786
37	0.788
40	0.789
28	0.791
53	0.794
27	0.796
35	0.796
2	0.797
62	0.797
54	0.799
58	0.8
29	0.801
38	0.802
28	0.806
41	0.806
59	0.806
36	0.807
60	0.808
55	0.809
3	0.811
30	0.811
37	0.811
63	0.812
78	0.8135
4	0.814
29	0.816
39	0.816
56	0.818
61	0.818
64	0.819
31	0.821
40	0.822
62	0.822
38	0.825
30	0.826
40	0.826
57	0.83
2	0.831
5	0.832
65	0.832
31	0.836
63	0.837
6	0.838
72	0.838
39	0.839
41	0.839
73	0.843
64	0.844
3	0.845
40	0.845
66	0.845
4	0.848
40	0.848
74	0.848
67	0.849
58	0.85
75	0.853
7	0.856
59	0.856
65	0.857
60	0.858
76	0.858
68	0.8585
8	0.859
68	0.86
41	0.862
77	0.863
5	0.866
69	0.866
61	0.868
78	0.868
66	0.87
45	0.871
70	0.871
6	0.872
79	0.873
67	0.874
9	0.877
80	0.878
81	0.883
10	0.884
2	0.885
62	0.885
68	0.885
71	0.887
62	0.888
7	0.89
69	0.891
8	0.893
22	0.896
62	0.896
70	0.896
3	0.899
11	0.899
62	0.9
63	0.9
4	0.902
63	0.903
62	0.904
23	0.906
64	0.907
64	0.91
9	0.911
63	0.911
71	0.912
63	0.915
24	0.916
10	0.918
64	0.918
63	0.919
5	0.92
52	0.92
65	0.92
72	0.921
64	0.922
65	0.923
6	0.926
25	0.926
64	0.926
73	0.926
53	0.929
65	0.931
74	0.931
62	0.932
11	0.933
66	0.933
54	0.934
65	0.935
26	0.936
66	0.936
75	0.936
67	0.937
65	0.939
67	0.94
76	0.941
12	0.943
7	0.944
52	0.944
55	0.944
66	0.944
13	0.945
27	0.946
77	0.946
8	0.947
14	0.947
63	0.947
66	0.948
67	0.948
68	0.948
15	0.949
16	0.951
68	0.951
78	0.951
66	0.952
67	0.952
59	0.9525
17	0.953
53	0.953
56	0.953
64	0.954
69	0.954
18	0.955
28	0.956
67	0.956
79	0.956
19	0.957
69	0.957
2	0.958
54	0.958
20	0.959
32	0.959
68	0.959
70	0.959
21	0.961
80	0.961
62	0.962
70	0.962
33	0.963
68	0.963
21	0.9635
9	0.965
32	0.965
57	0.965
69	0.965
29	0.966
81	0.966
65	0.967
68	0.967
55	0.968
33	0.969
69	0.969
62	0.97
70	0.97
34	0.971
3	0.972
10	0.972
69	0.973
70	0.974
4	0.975
71	0.975
30	0.976
12	0.977
34	0.977
42	0.977
56	0.977
63	0.977
70	0.978
71	0.978
72	0.978
13	0.979
66	0.98
14	0.981
36	0.981
35	0.982
15	0.983
73	0.983
64	0.984
67	0.984
16	0.985
58	0.985
63	0.985
31	0.986
71	0.986
11	0.987
17	0.987
35	0.988
42	0.988
74	0.988
18	0.989
57	0.989
71	0.99
19	0.991
59	0.991
62	0.991
64	0.992
5	0.993
20	0.993
36	0.993
60	0.993
75	0.993
12	0.994
71	0.994
21	0.995
43	0.995
68	0.995
13	0.996
37	0.997
48	0.997
65	0.997
14	0.998
76	0.998
6	0.999
36	0.999
15	1
69	1.001
1	1.0015
16	1.002
37	1.003
43	1.003
61	1.003
77	1.003
17	1.004
76	1.004
52	1.005
65	1.005
18	1.006
43	1.006
63	1.006
70	1.006
19	1.008
44	1.008
78	1.008
58	1.009
20	1.01
66	1.01
38	1.011
21	1.012
45	1.012
64	1.013
79	1.013
2	1.014
38	1.014
46	1.014
53	1.014
67	1.014
59	1.015
7	1.017
38	1.017
60	1.017
66	1.018
80	1.018
44	1.019
54	1.019
8	1.02
67	1.022
71	1.022
45	1.023
81	1.023
39	1.025
46	1.025
68	1.025
65	1.026
61	1.027
3	1.028
55	1.029
47	1.03
4	1.031
39	1.031
40	1.031
69	1.031
48	1.032
2	1.033
68	1.033
40	1.0345
70	1.036
22	1.0365
40	1.037
9	1.038
56	1.038
49	1.039
66	1.039
69	1.039
47	1.041
49	1.0425
48	1.043
67	1.043
70	1.044
10	1.045
3	1.047
41	1.048
5	1.049
4	1.05
49	1.05
57	1.05
71	1.052
62	1.053
41	1.054
68	1.054
2	1.055
6	1.055
50	1.058
11	1.06
69	1.06
71	1.06
70	1.065
5	1.068
63	1.068
3	1.069
50	1.069
58	1.07
4	1.072
7	1.073
51	1.073
24	1.0735
6	1.074
2	1.075
64	1.075
8	1.076
59	1.076
60	1.078
71	1.081
12	1.083
51	1.084
13	1.085
72	1.085
14	1.087
61	1.088
65	1.088
3	1.089
15	1.089
72	1.089
5	1.09
52	1.09
73	1.09
16	1.091
4	1.092
7	1.092
17	1.093
2	1.094
9	1.094
8	1.095
18	1.095
74	1.095
6	1.096
19	1.097
26	1.098
72	1.098
20	1.099
53	1.099
75	1.1
10	1.101
21	1.101
66	1.101
73	1.103
54	1.104
67	1.105
76	1.105
12	1.106
3	1.108
13	1.108
74	1.108
5	1.11
14	1.11
22	1.11
77	1.11
4	1.111
62	1.111
15	1.112
76	1.112
9	1.113
23	1.113
75	1.113
7	1.114
16	1.114
55	1.114
78	1.115
14	1.1155
6	1.116
11	1.116
17	1.116
68	1.116
8	1.117
2	1.118
18	1.118
62	1.118
76	1.118
10	1.12
19	1.12
23	1.12
79	1.12
20	1.122
69	1.122
56	1.123
77	1.123
21	1.124
80	1.125
63	1.126
70	1.127
78	1.128
5	1.129
24	1.13
81	1.13
3	1.132
63	1.133
64	1.133
79	1.133
7	1.134
4	1.135
6	1.135
9	1.135
11	1.135
57	1.135
8	1.137
80	1.138
25	1.14
64	1.14
10	1.142
71	1.143
81	1.143
65	1.146
12	1.148
1	1.1485
13	1.15
26	1.15
14	1.152
5	1.153
7	1.153
65	1.153
15	1.154
52	1.154
9	1.155
58	1.155
8	1.156
16	1.156
11	1.157
17	1.158
6	1.159
66	1.159
18	1.16
27	1.16
59	1.161
10	1.162
19	1.162
53	1.163
60	1.163
67	1.163
20	1.164
22	1.164
21	1.166
66	1.166
54	1.168
21	1.1695
28	1.17
67	1.17
61	1.173
9	1.174
23	1.174
68	1.174
72	1.174
7	1.177
11	1.177
55	1.178
62	1.178
73	1.179
8	1.18
29	1.18
69	1.18
10	1.181
68	1.181
32	1.182
24	1.184
74	1.184
70	1.185
33	1.186
56	1.187
69	1.187
75	1.189
30	1.19
42	1.192
70	1.192
63	1.193
25	1.194
34	1.194
76	1.194
11	1.196
72	1.196
9	1.198
57	1.199
77	1.199
31	1.2
62	1.2
64	1.2
71	1.201
73	1.201
26	1.204
78	1.204
10	1.205
35	1.205
74	1.206
47	1.2075
71	1.208
79	1.209
75	1.211
2	1.213
65	1.213
27	1.214
80	1.214
63	1.215
36	1.216
76	1.216
58	1.219
81	1.219
11	1.22
37	1.22
77	1.221
64	1.222
28	1.224
59	1.225
66	1.226
78	1.226
3	1.227
60	1.227
62	1.227
4	1.23
67	1.23
79	1.231
29	1.234
38	1.234
48	1.234
65	1.235
80	1.236
61	1.237
68	1.241
81	1.241
22	1.242
63	1.242
2	1.244
30	1.244
69	1.247
5	1.248
39	1.248
66	1.248
64	1.249
23	1.252
67	1.252
70	1.252
6	1.254
31	1.254
40	1.254
40	1.2565
3	1.258
2	1.26
40	1.2605
4	1.261
24	1.262
32	1.262
65	1.262
68	1.263
33	1.266
71	1.268
32	1.269
69	1.269
41	1.271
7	1.272
25	1.272
33	1.273
3	1.274
34	1.274
70	1.274
8	1.275
66	1.275
4	1.277
72	1.277
5	1.279
67	1.279
34	1.281
26	1.282
73	1.282
2	1.285
6	1.285
35	1.285
74	1.287
68	1.29
71	1.29
27	1.292
35	1.292
75	1.292
9	1.293
5	1.295
36	1.296
69	1.296
76	1.297
3	1.299
10	1.3
37	1.3
2	1.301
6	1.301
70	1.301
4	1.302
28	1.302
77	1.302
76	1.3025
7	1.303
36	1.303
8	1.306
37	1.307
78	1.307
76	1.3075
29	1.312
79	1.312
38	1.314
3	1.315
11	1.315
71	1.317
80	1.317
4	1.318
42	1.318
7	1.319
5	1.32
38	1.321
8	1.322
30	1.322
81	1.322
9	1.324
6	1.326
39	1.328
10	1.331
12	1.331
31	1.332
13	1.333
40	1.334
2	1.335
14	1.335
39	1.335
5	1.336
15	1.337
40	1.3375
14	1.339
16	1.339
9	1.34
17	1.341
40	1.341
6	1.342
18	1.343
7	1.344
19	1.345
42	1.345
11	1.346
8	1.347
10	1.347
20	1.347
57	1.3485
3	1.349
12	1.349
21	1.349
13	1.351
41	1.351
52	1.351
4	1.352
21	1.3525
2	1.353
14	1.353
15	1.355
16	1.357
21	1.357
41	1.358
17	1.359
7	1.36
53	1.36
18	1.361
60	1.3615
11	1.362
8	1.363
19	1.363
43	1.363
72	1.363
9	1.365
20	1.365
54	1.365
43	1.3665
3	1.367
21	1.367
4	1.37
5	1.37
43	1.3705
10	1.372
72	1.373
55	1.375
6	1.376
44	1.376
73	1.378
45	1.38
9	1.381
46	1.382
2	1.383
74	1.383
56	1.384
11	1.387
32	1.387
5	1.388
10	1.388
75	1.388
33	1.391
76	1.393
6	1.394
7	1.394
32	1.396
57	1.396
3	1.397
8	1.397
47	1.398
77	1.398
34	1.399
4	1.4
33	1.4
48	1.4
11	1.403
78	1.403
22	1.404
49	1.407
34	1.408
79	1.408
35	1.41
7	1.412
66	1.412
80	1.413
23	1.414
8	1.415
9	1.415
58	1.416
5	1.418
81	1.418
35	1.419
36	1.421
10	1.422
59	1.422
6	1.424
24	1.424
60	1.424
37	1.425
42	1.425
50	1.426
36	1.43
9	1.433
25	1.434
37	1.434
61	1.434
11	1.437
38	1.439
10	1.44
51	1.441
7	1.442
43	1.443
26	1.444
8	1.445
22	1.445
62	1.447
38	1.448
39	1.453
27	1.454
11	1.455
23	1.455
44	1.456
40	1.459
45	1.46
39	1.462
46	1.462
63	1.462
72	1.462
40	1.4625
9	1.463
28	1.464
24	1.465
32	1.465
73	1.467
40	1.468
33	1.469
64	1.469
10	1.47
74	1.472
29	1.474
25	1.475
41	1.476
34	1.477
75	1.477
47	1.478
2	1.479
42	1.479
48	1.48
52	1.481
65	1.482
76	1.482
30	1.484
11	1.485
26	1.485
41	1.485
76	1.486
49	1.487
77	1.487
35	1.488
53	1.49
62	1.491
78	1.492
3	1.493
52	1.493
31	1.494
27	1.495
54	1.495
66	1.495
4	1.496
43	1.497
79	1.497
36	1.499
67	1.499
53	1.502
80	1.502
43	1.5025
37	1.503
28	1.505
55	1.505
50	1.506
63	1.506
54	1.507
81	1.507
44	1.51
68	1.51
64	1.513
5	1.514
45	1.514
56	1.514
29	1.515
46	1.516
69	1.516
38	1.517
55	1.517
6	1.52
51	1.521
70	1.521
30	1.525
56	1.526
57	1.526
65	1.526
39	1.531
47	1.532
48	1.534
31	1.535
40	1.537
71	1.537
7	1.538
57	1.538
66	1.539
22	1.54
8	1.541
49	1.541
40	1.5415
67	1.543
40	1.5455
58	1.546
49	1.547
72	1.548
23	1.55
52	1.55
59	1.552
73	1.553
41	1.554
60	1.554
68	1.554
58	1.558
74	1.558
9	1.559
53	1.559
24	1.56
50	1.56
69	1.56
18	1.562
75	1.563
54	1.564
59	1.564
61	1.564
62	1.564
70	1.565
10	1.566
60	1.566
76	1.568
25	1.57
14	1.5705
76	1.5725
12	1.573
42	1.573
77	1.573
55	1.574
13	1.575
51	1.575
61	1.576
14	1.577
42	1.578
78	1.578
15	1.579
63	1.579
26	1.58
11	1.581
16	1.581
71	1.581
22	1.582
17	1.583
56	1.583
79	1.583
72	1.584
18	1.585
64	1.586
19	1.587
80	1.588
20	1.589
22	1.589
73	1.589
27	1.59
21	1.591
43	1.591
23	1.592
81	1.593
21	1.594
72	1.594
74	1.594
57	1.595
43	1.596
23	1.599
65	1.599
73	1.599
75	1.599
28	1.6
43	1.6
24	1.602
52	1.603
44	1.604
74	1.604
76	1.604
45	1.608
24	1.609
44	1.609
72	1.609
75	1.609
77	1.609
29	1.61
46	1.61
25	1.612
53	1.612
66	1.612
45	1.613
73	1.614
76	1.614
78	1.614
46	1.615
58	1.615
67	1.616
54	1.617
25	1.619
32	1.619
74	1.619
77	1.619
79	1.619
30	1.62
52	1.62
59	1.621
26	1.622
33	1.623
60	1.623
75	1.624
78	1.624
80	1.624
47	1.626
55	1.627
68	1.627
48	1.628
26	1.629
53	1.629
76	1.629
79	1.629
81	1.629
31	1.63
34	1.631
47	1.631
27	1.632
42	1.633
48	1.633
61	1.633
69	1.633
54	1.634
77	1.634
80	1.634
49	1.635
56	1.636
70	1.638
27	1.639
78	1.639
81	1.639
49	1.64
2	1.641
32	1.641
12	1.642
28	1.642
35	1.642
13	1.644
55	1.644
79	1.644
33	1.645
14	1.646
52	1.646
15	1.648
57	1.648
28	1.649
80	1.649
16	1.65
42	1.65
43	1.651
17	1.652
29	1.652
34	1.653
36	1.653
56	1.653
18	1.654
50	1.654
71	1.654
81	1.654
3	1.655
32	1.655
53	1.655
19	1.656
37	1.657
4	1.658
20	1.658
2	1.659
29	1.659
33	1.659
50	1.659
21	1.66
54	1.66
30	1.662
21	1.663
62	1.663
35	1.664
44	1.664
57	1.665
21	1.666
34	1.667
43	1.668
45	1.668
58	1.668
30	1.669
51	1.669
46	1.67
55	1.67
38	1.671
43	1.6715
31	1.672
62	1.672
3	1.673
38	1.674
51	1.674
59	1.674
36	1.675
4	1.676
5	1.676
60	1.676
35	1.678
63	1.678
31	1.679
37	1.679
56	1.679
22	1.68
2	1.681
44	1.681
6	1.682
52	1.682
39	1.685
45	1.685
58	1.685
64	1.685
47	1.686
61	1.686
22	1.687
46	1.687
63	1.687
48	1.688
52	1.688
36	1.689
2	1.69
23	1.69
40	1.691
53	1.691
57	1.691
59	1.691
9	1.692
37	1.693
38	1.693
60	1.693
5	1.694
40	1.694
62	1.694
64	1.694
3	1.695
49	1.695
32	1.696
54	1.696
23	1.697
53	1.697
4	1.698
65	1.698
40	1.6985
6	1.7
7	1.7
24	1.7
33	1.7
49	1.7005
54	1.702
8	1.703
47	1.703
61	1.703
3	1.704
48	1.705
55	1.706
4	1.707
24	1.707
38	1.707
39	1.707
65	1.707
34	1.708
41	1.708
63	1.709
25	1.71
38	1.71
58	1.711
66	1.711
72	1.711
49	1.712
55	1.712
40	1.713
50	1.714
56	1.715
67	1.715
5	1.716
64	1.716
73	1.716
25	1.717
59	1.717
7	1.718
35	1.719
60	1.719
26	1.72
66	1.72
8	1.721
9	1.721
39	1.721
56	1.721
74	1.721
6	1.722
67	1.724
5	1.725
68	1.726
75	1.726
26	1.727
40	1.727
57	1.727
10	1.728
51	1.729
61	1.729
65	1.729
2	1.73
27	1.73
36	1.73
41	1.73
6	1.731
50	1.731
76	1.731
69	1.732
57	1.733
37	1.734
68	1.735
77	1.736
27	1.737
62	1.737
70	1.737
42	1.738
9	1.739
7	1.74
28	1.74
69	1.741
78	1.741
1	1.742
66	1.742
8	1.743
11	1.743
3	1.744
32	1.744
41	1.744
10	1.746
51	1.746
67	1.746
70	1.746
79	1.746
4	1.747
28	1.747
32	1.747
58	1.747
33	1.748
38	1.748
7	1.749
29	1.75
33	1.751
80	1.751
8	1.752
63	1.752
20	1.753
58	1.753
59	1.753
71	1.753
84	1.754
60	1.755
2	1.756
34	1.756
43	1.756
81	1.756
29	1.757
68	1.757
34	1.759
59	1.759
64	1.759
30	1.76
9	1.761
11	1.761
60	1.761
62	1.761
39	1.762
71	1.762
69	1.763
43	1.7645
5	1.765
61	1.765
30	1.767
35	1.767
10	1.768
22	1.768
40	1.768
70	1.768
43	1.7685
44	1.769
3	1.77
9	1.77
31	1.77
35	1.77
6	1.771
61	1.771
65	1.772
4	1.773
40	1.773
45	1.773
46	1.775
63	1.776
10	1.777
31	1.777
23	1.778
36	1.778
32	1.78
36	1.781
37	1.782
11	1.783
64	1.783
33	1.784
71	1.784
37	1.785
41	1.785
66	1.785
22	1.787
24	1.788
32	1.788
7	1.789
67	1.789
5	1.791
12	1.791
47	1.791
8	1.792
11	1.792
33	1.792
34	1.792
13	1.793
48	1.793
14	1.795
38	1.796
65	1.796
6	1.797
15	1.797
23	1.797
14	1.7975
25	1.798
16	1.799
38	1.799
34	1.8
49	1.8
68	1.8
17	1.801
18	1.803
35	1.803
72	1.803
38	1.804
52	1.804
19	1.805
69	1.806
20	1.807
24	1.807
26	1.808
73	1.808
21	1.809
66	1.809
9	1.81
39	1.81
35	1.811
42	1.811
70	1.811
39	1.813
53	1.813
67	1.813
74	1.813
36	1.814
7	1.815
21	1.816
40	1.816
10	1.817
25	1.817
8	1.818
27	1.818
37	1.818
54	1.818
75	1.818
40	1.819
50	1.819
36	1.822
2	1.823
76	1.823
68	1.824
37	1.826
76	1.826
26	1.827
71	1.827
28	1.828
55	1.828
77	1.828
22	1.829
43	1.829
22	1.83
69	1.83
76	1.8315
11	1.832
38	1.832
41	1.833
78	1.833
51	1.834
70	1.835
9	1.836
41	1.836
3	1.837
27	1.837
43	1.837
56	1.837
29	1.838
79	1.838
23	1.839
4	1.84
23	1.84
38	1.84
44	1.842
10	1.843
80	1.843
39	1.846
45	1.846
28	1.847
30	1.848
46	1.848
81	1.848
24	1.849
57	1.849
24	1.85
71	1.851
40	1.852
39	1.854
29	1.857
5	1.858
11	1.858
31	1.858
25	1.859
12	1.86
25	1.86
40	1.86
13	1.862
6	1.864
14	1.864
47	1.864
72	1.864
15	1.866
48	1.866
30	1.867
14	1.868
16	1.868
26	1.869
41	1.869
58	1.869
73	1.869
17	1.87
26	1.87
18	1.872
49	1.873
19	1.874
74	1.874
59	1.875
2	1.876
20	1.876
31	1.877
41	1.877
60	1.877
21	1.878
27	1.879
75	1.879
27	1.88
21	1.8815
7	1.882
76	1.884
8	1.885
61	1.887
28	1.889
77	1.889
21	1.8895
3	1.89
28	1.89
32	1.891
50	1.892
4	1.893
12	1.894
78	1.894
33	1.895
13	1.896
14	1.898
29	1.899
79	1.899
15	1.9
29	1.9
33	1.9
16	1.902
9	1.903
34	1.903
17	1.904
80	1.904
12	1.905
18	1.906
13	1.907
51	1.907
19	1.908
14	1.909
30	1.909
81	1.909
10	1.91
20	1.91
30	1.91
5	1.911
15	1.911
21	1.912
16	1.913
35	1.914
17	1.915
6	1.917
18	1.917
19	1.919
31	1.919
22	1.92
31	1.92
20	1.921
72	1.921
21	1.923
72	1.924
11	1.925
22	1.925
36	1.925
42	1.925
73	1.926
37	1.929
73	1.929
23	1.93
74	1.931
74	1.934
7	1.935
23	1.935
75	1.936
8	1.938
75	1.939
24	1.94
76	1.941
38	1.943
43	1.943
57	1.944
76	1.944
24	1.945
38	1.946
77	1.946
43	1.949
77	1.949
25	1.95
52	1.95
42	1.951
78	1.951
32	1.953
78	1.954
25	1.955
9	1.956
44	1.956
79	1.956
33	1.957
39	1.957
42	1.958
53	1.959
79	1.959
26	1.96
45	1.96
2	1.961
80	1.961
46	1.962
10	1.963
40	1.963
54	1.964
80	1.964
26	1.965
34	1.965
70	1.966
81	1.966
40	1.9665
43	1.969
81	1.969
27	1.97
55	1.974
3	1.975
27	1.975
72	1.975
35	1.976
43	1.976
4	1.978
11	1.978
47	1.978
43	1.9795
28	1.98
41	1.98
48	1.98
73	1.98
44	1.982
56	1.983
28	1.985
74	1.985
45	1.986
36	1.987
49	1.987
46	1.988
44	1.989
52	1.989
67	1.9895
29	1.99
75	1.99
37	1.991
59	1.9925
45	1.993
29	1.995
46	1.995
57	1.995
76	1.995
5	1.996
52	1.997
72	1.997
53	1.998
12	2
22	2
30	2
77	2
6	2.002
13	2.002
73	2.002
54	2.003
14	2.004
47	2.004
30	2.005
38	2.005
78	2.005
15	2.006
48	2.006
50	2.006
53	2.006
74	2.007
16	2.008
62	2.008
38	2.0085
12	2.01
17	2.01
23	2.01
31	2.01
79	2.01
2	2.011
47	2.011
54	2.011
13	2.012
18	2.012
75	2.012
48	2.013
49	2.013
55	2.013
14	2.014
19	2.014
31	2.015
58	2.015
80	2.015
15	2.016
20	2.016
76	2.017
16	2.018
21	2.018
72	2.018
39	2.019
7	2.02
17	2.02
24	2.02
49	2.02
81	2.02
32	2.021
51	2.021
55	2.021
59	2.021
18	2.022
56	2.022
77	2.022
14	2.0225
8	2.023
60	2.023
63	2.023
73	2.023
19	2.024
72	2.024
3	2.025
33	2.025
40	2.025
20	2.026
12	2.027
78	2.027
69	2.0275
4	2.028
21	2.028
74	2.028
13	2.029
73	2.029
25	2.03
56	2.03
64	2.03
40	2.0305
14	2.031
50	2.032
79	2.032
15	2.033
34	2.033
61	2.033
75	2.033
40	2.034
57	2.034
74	2.034
16	2.035
52	2.035
42	2.036
17	2.037
52	2.037
80	2.037
76	2.038
18	2.039
50	2.039
75	2.039
26	2.04
9	2.041
19	2.041
41	2.042
57	2.042
81	2.042
20	2.043
65	2.043
77	2.043
35	2.044
53	2.044
76	2.044
21	2.045
5	2.046
53	2.046
51	2.047
10	2.048
78	2.048
21	2.0485
54	2.049
77	2.049
27	2.05
54	2.051
6	2.052
79	2.053
43	2.054
51	2.054
58	2.054
78	2.054
36	2.055
66	2.056
80	2.058
37	2.059
55	2.059
79	2.059
28	2.06
59	2.06
67	2.06
55	2.061
58	2.062
60	2.062
11	2.063
81	2.063
52	2.064
80	2.064
44	2.067
52	2.067
56	2.068
59	2.068
81	2.069
7	2.07
29	2.07
56	2.07
60	2.07
45	2.071
68	2.071
61	2.072
8	2.073
38	2.073
46	2.073
53	2.073
53	2.076
38	2.077
69	2.077
54	2.078
30	2.08
57	2.08
61	2.08
54	2.081
57	2.082
70	2.082
38	2.083
39	2.087
55	2.088
47	2.089
31	2.09
9	2.091
48	2.091
55	2.091
40	2.093
72	2.093
56	2.097
10	2.098
49	2.098
71	2.098
73	2.098
56	2.1
58	2.1
58	2.102
74	2.103
62	2.104
42	2.106
59	2.106
59	2.108
60	2.108
75	2.108
57	2.109
41	2.11
60	2.11
57	2.112
11	2.113
76	2.113
50	2.117
76	2.1175
61	2.118
77	2.118
63	2.119
61	2.12
76	2.121
78	2.123
43	2.124
64	2.126
79	2.128
43	2.1285
58	2.129
51	2.132
58	2.132
80	2.133
59	2.135
44	2.137
60	2.137
59	2.138
81	2.138
65	2.139
60	2.14
62	2.14
45	2.141
72	2.142
46	2.143
2	2.145
61	2.147
73	2.147
61	2.15
66	2.152
74	2.152
63	2.155
67	2.156
75	2.157
3	2.159
47	2.159
48	2.161
4	2.162
64	2.162
76	2.162
84	2.1625
42	2.165
12	2.167
68	2.167
77	2.167
49	2.168
13	2.169
14	2.171
78	2.172
15	2.173
69	2.173
14	2.1745
22	2.1745
16	2.175
65	2.175
52	2.176
17	2.177
79	2.177
70	2.178
18	2.179
5	2.18
19	2.181
80	2.182
20	2.183
43	2.183
21	2.185
53	2.185
6	2.186
50	2.187
81	2.187
66	2.188
21	2.1885
2	2.189
54	2.19
67	2.192
21	2.193
71	2.194
44	2.196
45	2.2
55	2.2
38	2.201
46	2.202
51	2.202
3	2.203
68	2.203
7	2.204
4	2.206
22	2.206
8	2.207
56	2.209
69	2.209
8	2.212
42	2.212
70	2.214
12	2.215
52	2.215
23	2.216
13	2.217
47	2.218
14	2.219
48	2.22
15	2.221
42	2.221
57	2.221
62	2.222
16	2.223
5	2.224
53	2.224
9	2.225
17	2.225
24	2.226
18	2.227
49	2.227
19	2.229
54	2.229
6	2.23
43	2.23
71	2.23
20	2.231
10	2.232
21	2.233
49	2.233
2	2.235
43	2.235
25	2.236
63	2.237
43	2.239
55	2.239
27	2.241
58	2.241
36	2.243
44	2.243
64	2.244
26	2.246
50	2.246
11	2.247
45	2.247
59	2.247
7	2.248
56	2.248
3	2.249
46	2.249
60	2.249
42	2.25
2	2.251
8	2.251
4	2.252
44	2.252
32	2.254
27	2.256
45	2.256
65	2.257
33	2.258
46	2.258
12	2.259
61	2.259
57	2.26
13	2.261
51	2.261
14	2.263
3	2.265
15	2.265
47	2.265
28	2.266
34	2.266
16	2.267
48	2.267
72	2.267
4	2.268
43	2.268
9	2.269
17	2.269
5	2.27
66	2.27
18	2.271
73	2.272
19	2.273
47	2.274
49	2.274
67	2.274
20	2.275
6	2.276
10	2.276
29	2.276
48	2.276
21	2.277
35	2.277
74	2.277
62	2.278
58	2.28
44	2.281
75	2.282
49	2.283
39	2.2845
45	2.285
68	2.285
5	2.286
30	2.286
59	2.286
46	2.287
76	2.287
36	2.288
60	2.288
62	2.29
11	2.291
69	2.291
6	2.292
37	2.292
77	2.292
50	2.293
63	2.293
7	2.294
31	2.296
70	2.296
8	2.297
22	2.297
72	2.297
78	2.297
61	2.298
62	2.298
64	2.3
50	2.302
73	2.302
79	2.302
47	2.303
78	2.3035
42	2.305
48	2.305
63	2.305
38	2.306
23	2.307
74	2.307
80	2.307
51	2.308
1	2.309
7	2.31
49	2.312
64	2.312
71	2.312
75	2.312
81	2.312
8	2.313
63	2.313
65	2.313
9	2.315
24	2.317
51	2.317
76	2.317
39	2.32
64	2.32
76	2.3205
10	2.322
77	2.322
43	2.323
65	2.325
40	2.326
66	2.326
25	2.327
78	2.327
43	2.3275
67	2.33
9	2.331
50	2.331
79	2.332
65	2.333
43	2.3335
22	2.336
44	2.336
11	2.337
26	2.337
80	2.337
10	2.338
66	2.338
45	2.34
68	2.341
46	2.342
67	2.342
81	2.342
41	2.343
23	2.346
51	2.346
66	2.346
27	2.347
69	2.347
2	2.348
67	2.35
70	2.352
11	2.353
68	2.353
24	2.356
54	2.3565
28	2.357
47	2.358
69	2.359
48	2.36
72	2.36
68	2.361
3	2.362
72	2.362
70	2.364
4	2.365
73	2.365
25	2.366
29	2.367
49	2.367
69	2.367
73	2.367
71	2.368
74	2.37
13	2.372
70	2.372
74	2.372
75	2.375
12	2.376
26	2.376
30	2.377
75	2.377
13	2.378
32	2.379
14	2.38
71	2.38
76	2.38
15	2.382
76	2.382
5	2.383
33	2.383
16	2.384
77	2.385
12	2.386
17	2.386
27	2.386
50	2.386
31	2.387
77	2.387
13	2.388
18	2.388
71	2.388
6	2.389
12	2.39
14	2.39
19	2.39
78	2.39
34	2.391
13	2.392
15	2.392
20	2.392
78	2.392
14	2.394
16	2.394
21	2.394
79	2.395
15	2.396
17	2.396
28	2.396
12	2.397
79	2.397
21	2.3975
16	2.398
18	2.398
13	2.399
17	2.4
19	2.4
80	2.4
14	2.401
51	2.401
72	2.401
21	2.4015
18	2.402
20	2.402
35	2.402
80	2.402
15	2.403
19	2.404
21	2.404
16	2.405
81	2.405
20	2.406
29	2.406
73	2.406
7	2.407
17	2.407
81	2.407
21	2.408
18	2.409
8	2.41
19	2.411
22	2.411
74	2.411
20	2.413
36	2.413
21	2.415
30	2.416
75	2.416
37	2.417
42	2.419
23	2.421
76	2.421
31	2.426
77	2.426
9	2.428
24	2.431
38	2.431
78	2.431
38	2.4345
10	2.435
79	2.436
43	2.437
38	2.4385
2	2.439
72	2.44
25	2.441
80	2.441
12	2.442
13	2.444
39	2.445
73	2.445
43	2.4455
14	2.446
81	2.446
15	2.448
11	2.45
16	2.45
44	2.45
74	2.45
26	2.451
40	2.451
17	2.452
3	2.453
18	2.454
45	2.454
75	2.455
40	2.4555
4	2.456
12	2.456
19	2.456
46	2.456
59	2.4565
13	2.458
20	2.458
14	2.46
21	2.46
76	2.46
40	2.4605
27	2.461
15	2.462
76	2.463
16	2.464
77	2.465
17	2.466
18	2.468
41	2.468
19	2.47
78	2.47
28	2.471
20	2.472
47	2.472
42	2.473
5	2.474
21	2.474
48	2.474
79	2.475
22	2.476
6	2.48
80	2.48
29	2.481
49	2.481
49	2.4845
94	2.4845
81	2.485
23	2.486
30	2.491
43	2.491
53	2.491
62	2.493
24	2.496
7	2.498
50	2.5
8	2.501
31	2.501
62	2.502
44	2.504
25	2.506
8	2.507
45	2.508
63	2.508
46	2.51
67	2.513
96	2.513
51	2.515
64	2.515
26	2.516
32	2.516
63	2.517
9	2.519
33	2.52
64	2.524
10	2.526
27	2.526
47	2.526
34	2.528
48	2.528
65	2.528
22	2.535
32	2.535
49	2.535
28	2.536
22	2.537
65	2.537
33	2.539
35	2.539
60	2.5405
11	2.541
66	2.541
33	2.5445
23	2.545
67	2.545
29	2.546
23	2.547
34	2.547
36	2.55
66	2.55
52	2.553
37	2.554
50	2.554
67	2.554
24	2.555
30	2.556
68	2.556
54	2.5565
24	2.557
35	2.558
53	2.562
69	2.562
25	2.565
68	2.565
12	2.566
31	2.566
25	2.567
54	2.567
70	2.567
13	2.568
38	2.568
36	2.569
51	2.569
14	2.57
69	2.571
15	2.572
37	2.573
16	2.574
22	2.575
26	2.575
17	2.576
62	2.576
70	2.576
26	2.577
55	2.577
18	2.578
19	2.58
20	2.582
32	2.582
39	2.582
71	2.583
21	2.584
23	2.585
27	2.585
33	2.586
56	2.586
27	2.587
38	2.587
21	2.5875
40	2.588
63	2.591
71	2.592
38	2.5925
34	2.594
24	2.595
28	2.595
28	2.597
57	2.598
64	2.598
39	2.601
62	2.602
62	2.604
25	2.605
29	2.605
35	2.605
41	2.605
29	2.607
40	2.607
32	2.608
65	2.611
33	2.612
62	2.612
26	2.615
30	2.615
36	2.616
30	2.617
63	2.617
58	2.618
63	2.619
34	2.62
37	2.62
41	2.624
59	2.624
64	2.624
66	2.624
27	2.625
31	2.625
60	2.626
64	2.626
31	2.627
63	2.627
67	2.628
35	2.631
38	2.634
64	2.634
28	2.635
61	2.636
65	2.637
65	2.639
68	2.639
38	2.64
36	2.642
38	2.6435
75	2.6445
29	2.645
69	2.645
37	2.646
65	2.647
39	2.648
66	2.65
70	2.65
66	2.652
22	2.654
40	2.654
67	2.654
30	2.655
67	2.656
40	2.659
38	2.66
66	2.66
23	2.664
67	2.664
31	2.665
68	2.665
71	2.666
68	2.667
12	2.669
62	2.67
13	2.671
41	2.671
69	2.671
14	2.673
69	2.673
24	2.674
39	2.674
15	2.675
68	2.675
70	2.676
14	2.677
16	2.677
70	2.678
17	2.679
40	2.68
18	2.681
69	2.681
19	2.683
42	2.683
25	2.684
20	2.685
63	2.685
70	2.686
21	2.687
21	2.6915
64	2.692
71	2.692
42	2.693
26	2.694
42	2.694
71	2.694
12	2.696
21	2.697
41	2.697
13	2.698
5	2.699
14	2.7
43	2.701
15	2.702
71	2.702
16	2.704
27	2.704
43	2.7045
65	2.705
17	2.706
18	2.708
43	2.7085
19	2.71
43	2.711
2	2.712
20	2.712
43	2.712
72	2.712
21	2.714
28	2.714
44	2.714
73	2.717
45	2.718
66	2.718
46	2.72
67	2.722
74	2.722
29	2.724
44	2.724
44	2.725
3	2.726
80	2.726
75	2.727
45	2.728
4	2.729
45	2.729
46	2.73
46	2.731
76	2.732
68	2.733
30	2.734
47	2.736
76	2.7365
77	2.737
48	2.738
22	2.739
69	2.739
78	2.742
31	2.744
70	2.744
49	2.745
47	2.746
5	2.747
47	2.747
79	2.747
48	2.748
23	2.749
48	2.749
80	2.752
6	2.753
62	2.753
49	2.755
49	2.756
81	2.757
12	2.758
24	2.759
13	2.76
71	2.76
14	2.762
15	2.764
50	2.764
16	2.766
17	2.768
63	2.768
25	2.769
18	2.77
7	2.771
19	2.772
32	2.772
8	2.774
20	2.774
50	2.774
2	2.775
50	2.775
64	2.775
21	2.776
33	2.776
26	2.779
51	2.779
33	2.781
12	2.782
21	2.7825
13	2.784
34	2.784
14	2.786
2	2.788
15	2.788
65	2.788
3	2.789
27	2.789
51	2.789
16	2.79
32	2.79
51	2.79
4	2.792
9	2.792
17	2.792
18	2.794
33	2.794
35	2.795
19	2.796
22	2.797
20	2.798
10	2.799
28	2.799
21	2.8
66	2.801
3	2.802
34	2.802
4	2.805
52	2.805
67	2.805
36	2.806
23	2.807
29	2.809
5	2.81
37	2.81
35	2.813
72	2.813
11	2.814
53	2.814
62	2.814
6	2.816
68	2.816
24	2.817
73	2.818
30	2.819
54	2.819
69	2.822
5	2.823
74	2.823
36	2.824
38	2.824
52	2.825
25	2.827
70	2.827
37	2.828
75	2.828
38	2.8285
6	2.829
31	2.829
55	2.829
63	2.829
76	2.833
7	2.834
38	2.834
53	2.834
22	2.835
64	2.836
76	2.836
8	2.837
26	2.837
39	2.838
56	2.838
77	2.838
38	2.8385
54	2.839
38	2.842
71	2.843
78	2.843
40	2.844
23	2.845
32	2.846
7	2.847
27	2.847
79	2.848
55	2.849
65	2.849
8	2.85
33	2.85
57	2.85
80	2.853
9	2.855
24	2.855
39	2.856
28	2.857
34	2.858
56	2.858
81	2.858
41	2.861
10	2.862
40	2.862
66	2.862
25	2.865
67	2.866
40	2.8665
29	2.867
9	2.868
35	2.869
57	2.87
58	2.87
2	2.875
10	2.875
26	2.875
59	2.876
11	2.877
30	2.877
68	2.877
22	2.878
60	2.878
41	2.879
36	2.88
69	2.883
37	2.884
27	2.885
31	2.887
23	2.888
32	2.888
61	2.888
70	2.888
3	2.889
11	2.89
58	2.89
4	2.892
33	2.892
28	2.895
59	2.896
24	2.898
38	2.898
60	2.898
34	2.9
71	2.904
29	2.905
42	2.907
46	2.907
25	2.908
61	2.908
5	2.91
35	2.911
39	2.912
30	2.915
6	2.916
12	2.917
26	2.918
40	2.918
13	2.919
14	2.921
36	2.922
15	2.923
16	2.925
31	2.925
43	2.925
37	2.926
14	2.927
17	2.927
27	2.928
18	2.929
43	2.93
19	2.931
20	2.933
14	2.9335
7	2.934
21	2.935
41	2.935
8	2.937
12	2.938
28	2.938
44	2.938
21	2.9395
13	2.94
38	2.94
14	2.942
45	2.942
50	2.9435
15	2.944
46	2.944
16	2.946
17	2.948
29	2.948
18	2.95
78	2.951
12	2.952
19	2.952
13	2.954
20	2.954
39	2.954
9	2.955
78	2.955
14	2.956
21	2.956
62	2.956
15	2.958
22	2.958
30	2.958
16	2.96
40	2.96
47	2.96
10	2.962
17	2.962
48	2.962
40	2.9625
18	2.964
19	2.966
20	2.968
23	2.968
31	2.968
52	2.968
49	2.969
84	2.969
21	2.97
63	2.971
52	2.973
42	2.976
55	2.976
49	2.9765
11	2.977
41	2.977
53	2.977
24	2.978
64	2.978
53	2.982
54	2.982
32	2.983
33	2.987
54	2.987
25	2.988
50	2.988
22	2.991
65	2.991
55	2.992
43	2.994
34	2.995
51	2.9965
55	2.997
43	2.9975
26	2.998
23	3.001
56	3.001
51	3.003
66	3.004
35	3.006
56	3.006
44	3.007
27	3.008
67	3.008
24	3.011
45	3.011
46	3.013
57	3.013
36	3.017
28	3.018
57	3.018
68	3.019
25	3.021
37	3.021
2	3.023
69	3.025
29	3.028
47	3.029
70	3.03
26	3.031
32	3.031
48	3.031
58	3.033
52	3.034
33	3.035
38	3.035
3	3.037
52	3.037
30	3.038
49	3.038
58	3.038
59	3.039
4	3.04
27	3.041
60	3.041
34	3.043
53	3.043
59	3.044
53	3.046
60	3.046
71	3.046
31	3.048
54	3.048
39	3.049
80	3.0505
28	3.051
54	3.051
61	3.051
35	3.054
40	3.055
61	3.056
72	3.056
50	3.057
2	3.058
5	3.058
12	3.058
55	3.058
13	3.06
29	3.061
55	3.061
73	3.061
14	3.062
6	3.064
15	3.064
36	3.065
16	3.066
74	3.066
12	3.067
56	3.067
17	3.068
13	3.069
37	3.069
18	3.07
56	3.07
14	3.071
30	3.071
75	3.071
3	3.072
19	3.072
41	3.072
51	3.072
15	3.073
20	3.074
4	3.075
16	3.075
42	3.075
21	3.076
76	3.076
17	3.077
18	3.079
57	3.079
19	3.081
31	3.081
76	3.081
77	3.081
7	3.082
57	3.082
20	3.083
38	3.083
76	3.0845
8	3.085
21	3.085
78	3.086
79	3.091
5	3.093
43	3.093
80	3.096
39	3.097
2	3.099
6	3.099
58	3.099
81	3.101
12	3.102
58	3.102
9	3.103
40	3.103
13	3.104
59	3.105
14	3.106
44	3.106
40	3.107
60	3.107
15	3.108
42	3.108
59	3.108
10	3.11
16	3.11
42	3.11
45	3.11
60	3.11
17	3.112
46	3.112
3	3.113
62	3.113
18	3.114
4	3.116
19	3.116
7	3.117
61	3.117
20	3.118
8	3.12
21	3.12
41	3.12
61	3.12
32	3.121
11	3.125
33	3.125
43	3.126
43	3.128
47	3.128
63	3.128
52	3.129
48	3.13
34	3.133
5	3.134
12	3.134
64	3.135
13	3.136
49	3.137
9	3.138
14	3.138
53	3.138
44	3.139
6	3.14
15	3.14
32	3.141
44	3.141
16	3.142
45	3.143
54	3.143
12	3.144
17	3.144
35	3.144
10	3.145
32	3.145
33	3.145
45	3.145
46	3.145
13	3.146
18	3.146
46	3.147
14	3.148
19	3.148
65	3.148
33	3.149
15	3.15
20	3.15
16	3.152
21	3.152
34	3.153
55	3.153
17	3.154
36	3.155
18	3.156
50	3.156
34	3.157
7	3.158
19	3.158
37	3.159
11	3.16
20	3.16
8	3.161
47	3.161
66	3.161
21	3.162
56	3.162
47	3.163
48	3.163
35	3.164
48	3.165
67	3.165
32	3.168
35	3.168
52	3.168
49	3.17
51	3.171
33	3.172
49	3.172
38	3.173
57	3.174
36	3.175
68	3.176
38	3.177
53	3.177
9	3.179
36	3.179
37	3.179
32	3.18
34	3.18
38	3.18
54	3.182
69	3.182
37	3.183
33	3.184
10	3.186
39	3.187
70	3.187
50	3.189
35	3.191
50	3.191
34	3.192
55	3.192
38	3.193
40	3.193
58	3.194
42	3.195
38	3.197
42	3.197
59	3.2
11	3.201
56	3.201
62	3.201
36	3.202
60	3.202
35	3.203
71	3.203
51	3.204
22	3.205
37	3.206
51	3.206
39	3.207
41	3.21
39	3.211
61	3.212
40	3.213
43	3.213
57	3.213
36	3.214
23	3.215
43	3.215
63	3.216
40	3.217
37	3.218
38	3.22
64	3.223
24	3.225
44	3.226
84	3.227
44	3.228
41	3.23
42	3.23
45	3.23
38	3.232
45	3.232
46	3.232
58	3.233
39	3.234
41	3.234
46	3.234
25	3.235
52	3.236
65	3.236
59	3.239
40	3.24
60	3.241
52	3.243
26	3.245
53	3.245
39	3.246
22	3.247
43	3.248
47	3.248
22	3.249
66	3.249
47	3.25
48	3.25
54	3.25
61	3.251
40	3.252
48	3.252
53	3.252
67	3.253
27	3.255
23	3.257
41	3.257
49	3.257
54	3.257
23	3.259
49	3.259
55	3.26
12	3.261
44	3.261
13	3.263
68	3.264
14	3.265
28	3.265
45	3.265
15	3.267
24	3.267
46	3.267
55	3.267
16	3.269
24	3.269
41	3.269
56	3.269
69	3.27
17	3.271
18	3.273
19	3.275
29	3.275
70	3.275
72	3.275
42	3.276
50	3.276
56	3.276
12	3.277
20	3.277
25	3.277
50	3.278
13	3.279
21	3.279
25	3.279
72	3.28
73	3.28
14	3.281
57	3.281
15	3.283
47	3.283
12	3.284
16	3.285
30	3.285
48	3.285
73	3.285
74	3.285
13	3.286
17	3.287
22	3.287
26	3.287
14	3.288
57	3.288
18	3.289
26	3.289
52	3.289
15	3.29
74	3.29
75	3.29
19	3.291
51	3.291
71	3.291
16	3.292
49	3.292
20	3.293
51	3.293
17	3.294
43	3.294
12	3.295
21	3.295
31	3.295
75	3.295
76	3.295
18	3.296
13	3.297
23	3.297
27	3.297
19	3.298
53	3.298
14	3.299
27	3.299
21	3.2995
43	3.2995
20	3.3
76	3.3
77	3.3
15	3.301
58	3.301
21	3.302
16	3.303
54	3.303
17	3.305
77	3.305
78	3.305
18	3.307
24	3.307
28	3.307
44	3.307
59	3.307
58	3.308
19	3.309
28	3.309
60	3.309
78	3.31
79	3.31
20	3.311
45	3.311
50	3.311
21	3.313
46	3.313
55	3.313
59	3.314
79	3.315
80	3.315
60	3.316
25	3.317
29	3.317
29	3.319
61	3.319
80	3.32
81	3.32
56	3.322
81	3.325
51	3.326
61	3.326
26	3.327
30	3.327
30	3.329
47	3.329
48	3.331
57	3.334
1	3.3345
27	3.337
31	3.337
49	3.338
31	3.339
28	3.347
58	3.354
29	3.357
50	3.357
59	3.36
60	3.362
30	3.367
51	3.372
61	3.372
36	3.374
31	3.377
11	3.403
7	3.448
41	3.4595
42	3.471
8	3.474
