1.0	0.1195
1.0	0.197
1.0	0.3705
1.0	0.471
1.0	0.642
1.0	0.8355
1.0	0.9125
1.0	0.999
1.0	1.3805
1.0	1.511
2.0	0.0
2.0	0.01
2.0	0.02
2.0	0.03
2.0	0.04
2.0	0.05
2.0	0.06
2.0	0.07
2.0	0.08
2.0	0.09
2.0	0.1
2.0	0.11
2.0	0.12
2.0	0.13
2.0	0.14
2.0	0.15
2.0	0.16
2.0	0.17
2.0	0.18
2.0	0.19
2.0	0.2
2.0	0.21
2.0	0.22
2.0	0.23
2.0	0.24
2.0	0.25
2.0	0.26
2.0	0.27
2.0	0.28
2.0	0.29
2.0	0.3
2.0	0.31
2.0	0.32
2.0	0.33
2.0	0.34
2.0	0.35
2.0	0.36
2.0	0.37
2.0	0.38
2.0	0.39
2.0	0.4
2.0	0.41
2.0	0.42
2.0	0.43
2.0	0.44
2.0	0.45
2.0	0.46
2.0	0.47
2.0	0.48
2.0	0.49
2.0	0.5
2.0	0.51
2.0	0.52
2.0	0.53
2.0	0.54
2.0	0.55
2.0	0.56
2.0	0.57
2.0	0.58
2.0	0.59
2.0	0.6
2.0	0.61
2.0	0.62
2.0	0.63
2.0	0.64
2.0	0.65
2.0	0.66
2.0	0.67
2.0	0.68
2.0	0.69
2.0	0.7
2.0	0.71
2.0	0.72
2.0	0.73
2.0	0.74
2.0	0.75
2.0	0.76
2.0	0.77
2.0	0.78
2.0	0.79
2.0	0.8
2.0	0.81
2.0	0.82
2.0	0.83
2.0	0.84
2.0	0.85
2.0	0.86
2.0	0.87
2.0	0.88
2.0	0.89
2.0	0.9
2.0	0.91
2.0	0.92
2.0	0.93
2.0	0.94
2.0	0.95
2.0	0.96
2.0	0.97
2.0	0.98
2.0	0.99
2.0	1.0
2.0	1.1935
2.0	1.395
2.0	1.5695
2.0	1.76
2.0	1.9355
3.0	0.001
3.0	0.011
3.0	0.021
3.0	0.031
3.0	0.041
3.0	0.051
3.0	0.061
3.0	0.071
3.0	0.081
3.0	0.091
3.0	0.101
3.0	0.111
3.0	0.121
3.0	0.131
3.0	0.141
3.0	0.151
3.0	0.161
3.0	0.171
3.0	0.181
3.0	0.191
3.0	0.201
3.0	0.211
3.0	0.221
3.0	0.231
3.0	0.241
3.0	0.251
3.0	0.261
3.0	0.271
3.0	0.281
3.0	0.291
3.0	0.301
3.0	0.311
3.0	0.321
3.0	0.331
3.0	0.341
3.0	0.351
3.0	0.361
3.0	0.371
3.0	0.381
3.0	0.391
3.0	0.401
3.0	0.411
3.0	0.421
3.0	0.431
3.0	0.441
3.0	0.451
3.0	0.461
3.0	0.471
3.0	0.481
3.0	0.491
3.0	0.501
3.0	0.511
3.0	0.521
3.0	0.531
3.0	0.541
3.0	0.551
3.0	0.561
3.0	0.571
3.0	0.581
3.0	0.591
3.0	0.601
3.0	0.611
3.0	0.621
3.0	0.631
3.0	0.641
3.0	0.651
3.0	0.661
3.0	0.671
3.0	0.681
3.0	0.691
3.0	0.701
3.0	0.711
3.0	0.721
3.0	0.731
3.0	0.741
3.0	0.751
3.0	0.761
3.0	0.771
3.0	0.781
3.0	0.791
3.0	0.801
3.0	0.811
3.0	0.821
3.0	0.831
3.0	0.841
3.0	0.851
3.0	0.861
3.0	0.871
3.0	0.881
3.0	0.891
3.0	0.901
3.0	0.911
3.0	0.921
3.0	0.931
3.0	0.941
3.0	0.951
3.0	0.961
3.0	0.971
3.0	0.981
3.0	0.991
3.0	1.001
3.0	1.236
3.0	1.3165
3.0	1.568
3.0	1.822
4.0	0.002
4.0	0.012
4.0	0.022
4.0	0.032
4.0	0.042
4.0	0.052
4.0	0.062
4.0	0.072
4.0	0.082
4.0	0.092
4.0	0.102
4.0	0.112
4.0	0.122
4.0	0.132
4.0	0.142
4.0	0.152
4.0	0.162
4.0	0.172
4.0	0.182
4.0	0.192
4.0	0.202
4.0	0.212
4.0	0.222
4.0	0.232
4.0	0.242
4.0	0.252
4.0	0.262
4.0	0.272
4.0	0.282
4.0	0.292
4.0	0.302
4.0	0.312
4.0	0.322
4.0	0.332
4.0	0.342
4.0	0.352
4.0	0.362
4.0	0.372
4.0	0.382
4.0	0.392
4.0	0.402
4.0	0.412
4.0	0.422
4.0	0.432
4.0	0.442
4.0	0.452
4.0	0.462
4.0	0.472
4.0	0.482
4.0	0.492
4.0	0.502
4.0	0.512
4.0	0.522
4.0	0.532
4.0	0.542
4.0	0.552
4.0	0.562
4.0	0.572
4.0	0.582
4.0	0.592
4.0	0.602
4.0	0.612
4.0	0.622
4.0	0.632
4.0	0.642
4.0	0.652
4.0	0.662
4.0	0.672
4.0	0.682
4.0	0.692
4.0	0.702
4.0	0.712
4.0	0.722
4.0	0.732
4.0	0.742
4.0	0.752
4.0	0.762
4.0	0.772
4.0	0.782
4.0	0.792
4.0	0.802
4.0	0.812
4.0	0.822
4.0	0.832
4.0	0.842
4.0	0.852
4.0	0.862
4.0	0.872
4.0	0.882
4.0	0.892
4.0	0.902
4.0	0.912
4.0	0.922
4.0	0.932
4.0	0.942
4.0	0.952
4.0	0.962
4.0	0.972
4.0	0.982
4.0	0.992
4.0	1.002
4.0	1.3555
4.0	1.359
4.0	1.578
5.0	0.003
5.0	0.013
5.0	0.023
5.0	0.033
5.0	0.043
5.0	0.053
5.0	0.063
5.0	0.073
5.0	0.083
5.0	0.093
5.0	0.103
5.0	0.113
5.0	0.123
5.0	0.133
5.0	0.143
5.0	0.153
5.0	0.163
5.0	0.173
5.0	0.183
5.0	0.193
5.0	0.203
5.0	0.213
5.0	0.223
5.0	0.233
5.0	0.243
5.0	0.253
5.0	0.263
5.0	0.273
5.0	0.283
5.0	0.293
5.0	0.303
5.0	0.313
5.0	0.323
5.0	0.333
5.0	0.343
5.0	0.353
5.0	0.363
5.0	0.373
5.0	0.383
5.0	0.393
5.0	0.403
5.0	0.413
5.0	0.423
5.0	0.433
5.0	0.443
5.0	0.453
5.0	0.463
5.0	0.473
5.0	0.483
5.0	0.493
5.0	0.503
5.0	0.513
5.0	0.523
5.0	0.533
5.0	0.543
5.0	0.553
5.0	0.563
5.0	0.573
5.0	0.583
5.0	0.593
5.0	0.603
5.0	0.613
5.0	0.623
5.0	0.633
5.0	0.643
5.0	0.653
5.0	0.663
5.0	0.673
5.0	0.683
5.0	0.693
5.0	0.703
5.0	0.713
5.0	0.723
5.0	0.733
5.0	0.743
5.0	0.753
5.0	0.763
5.0	0.773
5.0	0.783
5.0	0.793
5.0	0.803
5.0	0.813
5.0	0.823
5.0	0.833
5.0	0.843
5.0	0.853
5.0	0.863
5.0	0.873
5.0	0.883
5.0	0.893
5.0	0.903
5.0	0.913
5.0	0.923
5.0	0.933
5.0	0.943
5.0	0.953
5.0	0.963
5.0	0.973
5.0	0.983
5.0	0.993
5.0	1.003
5.0	1.4055
5.0	1.7925
6.0	0.004
6.0	0.007
6.0	0.014
6.0	0.024
6.0	0.034
6.0	0.044
6.0	0.054
6.0	0.064
6.0	0.074
6.0	0.084
6.0	0.094
6.0	0.104
6.0	0.114
6.0	0.124
6.0	0.134
6.0	0.144
6.0	0.154
6.0	0.164
6.0	0.174
6.0	0.184
6.0	0.194
6.0	0.204
6.0	0.214
6.0	0.224
6.0	0.234
6.0	0.244
6.0	0.254
6.0	0.264
6.0	0.274
6.0	0.284
6.0	0.294
6.0	0.304
6.0	0.314
6.0	0.324
6.0	0.334
6.0	0.344
6.0	0.354
6.0	0.364
6.0	0.374
6.0	0.384
6.0	0.394
6.0	0.404
6.0	0.414
6.0	0.424
6.0	0.434
6.0	0.444
6.0	0.454
6.0	0.464
6.0	0.474
6.0	0.484
6.0	0.494
6.0	0.504
6.0	0.514
6.0	0.524
6.0	0.534
6.0	0.544
6.0	0.554
6.0	0.564
6.0	0.574
6.0	0.584
6.0	0.594
6.0	0.604
6.0	0.614
6.0	0.624
6.0	0.634
6.0	0.644
6.0	0.654
6.0	0.664
6.0	0.674
6.0	0.684
6.0	0.694
6.0	0.704
6.0	0.714
6.0	0.724
6.0	0.734
6.0	0.744
6.0	0.754
6.0	0.764
6.0	0.774
6.0	0.784
6.0	0.794
6.0	0.804
6.0	0.814
6.0	0.824
6.0	0.834
6.0	0.844
6.0	0.854
6.0	0.864
6.0	0.874
6.0	0.884
6.0	0.894
6.0	0.904
6.0	0.914
6.0	0.924
6.0	0.934
6.0	0.944
6.0	0.954
6.0	0.964
6.0	0.974
6.0	0.984
6.0	0.994
6.0	1.004
6.0	1.2405
7.0	0.005
7.0	0.015
7.0	0.025
7.0	0.035
7.0	0.045
7.0	0.055
7.0	0.065
7.0	0.075
7.0	0.085
7.0	0.095
7.0	0.105
7.0	0.115
7.0	0.125
7.0	0.135
7.0	0.145
7.0	0.155
7.0	0.165
7.0	0.175
7.0	0.185
7.0	0.195
7.0	0.205
7.0	0.215
7.0	0.225
7.0	0.235
7.0	0.245
7.0	0.255
7.0	0.265
7.0	0.275
7.0	0.285
7.0	0.295
7.0	0.305
7.0	0.315
7.0	0.325
7.0	0.335
7.0	0.345
7.0	0.355
7.0	0.365
7.0	0.375
7.0	0.385
7.0	0.395
7.0	0.405
7.0	0.415
7.0	0.425
7.0	0.435
7.0	0.445
7.0	0.455
7.0	0.465
7.0	0.475
7.0	0.485
7.0	0.495
7.0	0.505
7.0	0.515
7.0	0.525
7.0	0.535
7.0	0.545
7.0	0.555
7.0	0.565
7.0	0.575
7.0	0.585
7.0	0.595
7.0	0.605
7.0	0.615
7.0	0.625
7.0	0.635
7.0	0.645
7.0	0.655
7.0	0.665
7.0	0.675
7.0	0.685
7.0	0.695
7.0	0.705
7.0	0.715
7.0	0.725
7.0	0.735
7.0	0.745
7.0	0.755
7.0	0.765
7.0	0.775
7.0	0.785
7.0	0.795
7.0	0.805
7.0	0.815
7.0	0.825
7.0	0.835
7.0	0.845
7.0	0.855
7.0	0.865
7.0	0.875
7.0	0.885
7.0	0.895
7.0	0.905
7.0	0.915
7.0	0.925
7.0	0.935
7.0	0.945
7.0	0.955
7.0	0.965
7.0	0.975
7.0	0.985
7.0	0.995
7.0	1.005
7.0	1.653
8.0	0.006
8.0	0.016
8.0	0.026
8.0	0.036
8.0	0.046
8.0	0.056
8.0	0.066
8.0	0.076
8.0	0.086
8.0	0.096
8.0	0.106
8.0	0.116
8.0	0.126
8.0	0.136
8.0	0.146
8.0	0.156
8.0	0.166
8.0	0.176
8.0	0.186
8.0	0.196
8.0	0.206
8.0	0.216
8.0	0.226
8.0	0.236
8.0	0.246
8.0	0.256
8.0	0.266
8.0	0.276
8.0	0.286
8.0	0.296
8.0	0.306
8.0	0.316
8.0	0.326
8.0	0.336
8.0	0.346
8.0	0.356
8.0	0.366
8.0	0.376
8.0	0.386
8.0	0.396
8.0	0.406
8.0	0.416
8.0	0.426
8.0	0.436
8.0	0.446
8.0	0.456
8.0	0.466
8.0	0.476
8.0	0.486
8.0	0.496
8.0	0.506
8.0	0.516
8.0	0.526
8.0	0.536
8.0	0.546
8.0	0.556
8.0	0.566
8.0	0.576
8.0	0.586
8.0	0.596
8.0	0.606
8.0	0.616
8.0	0.626
8.0	0.636
8.0	0.646
8.0	0.656
8.0	0.666
8.0	0.676
8.0	0.686
8.0	0.696
8.0	0.706
8.0	0.716
8.0	0.726
8.0	0.736
8.0	0.746
8.0	0.756
8.0	0.766
8.0	0.776
8.0	0.786
8.0	0.796
8.0	0.806
8.0	0.816
8.0	0.826
8.0	0.836
8.0	0.846
8.0	0.856
8.0	0.866
8.0	0.876
8.0	0.886
8.0	0.896
8.0	0.906
8.0	0.916
8.0	0.926
8.0	0.936
8.0	0.946
8.0	0.956
8.0	0.966
8.0	0.976
8.0	0.986
8.0	0.996
8.0	1.006
8.0	1.548
8.0	1.5525
8.0	1.9095
8.0	1.913
9.0	0.007
9.0	0.017
9.0	0.027
9.0	0.037
9.0	0.047
9.0	0.057
9.0	0.067
9.0	0.077
9.0	0.087
9.0	0.097
9.0	0.107
9.0	0.117
9.0	0.127
9.0	0.137
9.0	0.147
9.0	0.157
9.0	0.167
9.0	0.177
9.0	0.187
9.0	0.197
9.0	0.207
9.0	0.217
9.0	0.227
9.0	0.237
9.0	0.247
9.0	0.257
9.0	0.267
9.0	0.277
9.0	0.287
9.0	0.297
9.0	0.307
9.0	0.317
9.0	0.327
9.0	0.337
9.0	0.347
9.0	0.357
9.0	0.367
9.0	0.377
9.0	0.387
9.0	0.397
9.0	0.407
9.0	0.417
9.0	0.427
9.0	0.437
9.0	0.447
9.0	0.457
9.0	0.467
9.0	0.477
9.0	0.487
9.0	0.497
9.0	0.507
9.0	0.517
9.0	0.527
9.0	0.537
9.0	0.547
9.0	0.557
9.0	0.567
9.0	0.577
9.0	0.587
9.0	0.597
9.0	0.607
9.0	0.617
9.0	0.627
9.0	0.637
9.0	0.647
9.0	0.657
9.0	0.667
9.0	0.677
9.0	0.687
9.0	0.697
9.0	0.707
9.0	0.717
9.0	0.727
9.0	0.737
9.0	0.747
9.0	0.757
9.0	0.767
9.0	0.777
9.0	0.787
9.0	0.797
9.0	0.807
9.0	0.817
9.0	0.827
9.0	0.837
9.0	0.847
9.0	0.857
9.0	0.867
9.0	0.877
9.0	0.887
9.0	0.897
9.0	0.907
9.0	0.917
9.0	0.927
9.0	0.937
9.0	0.947
9.0	0.957
9.0	0.967
9.0	0.977
9.0	0.987
9.0	0.997
9.0	1.007
9.0	1.6525
9.0	1.839
10.0	0.008
10.0	0.018
10.0	0.028
10.0	0.038
10.0	0.048
10.0	0.058
10.0	0.068
10.0	0.078
10.0	0.088
10.0	0.098
10.0	0.108
10.0	0.118
10.0	0.128
10.0	0.138
10.0	0.148
10.0	0.158
10.0	0.168
10.0	0.178
10.0	0.188
10.0	0.198
10.0	0.208
10.0	0.218
10.0	0.228
10.0	0.238
10.0	0.248
10.0	0.258
10.0	0.268
10.0	0.278
10.0	0.288
10.0	0.298
10.0	0.308
10.0	0.318
10.0	0.328
10.0	0.338
10.0	0.348
10.0	0.358
10.0	0.368
10.0	0.378
10.0	0.388
10.0	0.398
10.0	0.408
10.0	0.418
10.0	0.428
10.0	0.438
10.0	0.448
10.0	0.458
10.0	0.468
10.0	0.478
10.0	0.488
10.0	0.498
10.0	0.508
10.0	0.518
10.0	0.528
10.0	0.538
10.0	0.548
10.0	0.558
10.0	0.568
10.0	0.578
10.0	0.588
10.0	0.598
10.0	0.608
10.0	0.618
10.0	0.628
10.0	0.638
10.0	0.648
10.0	0.658
10.0	0.668
10.0	0.678
10.0	0.688
10.0	0.698
10.0	0.708
10.0	0.718
10.0	0.728
10.0	0.738
10.0	0.748
10.0	0.758
10.0	0.768
10.0	0.778
10.0	0.788
10.0	0.798
10.0	0.808
10.0	0.818
10.0	0.828
10.0	0.838
10.0	0.848
10.0	0.858
10.0	0.868
10.0	0.878
10.0	0.888
10.0	0.898
10.0	0.908
10.0	0.918
10.0	0.928
10.0	0.938
10.0	0.948
10.0	0.958
10.0	0.968
10.0	0.978
10.0	0.988
10.0	0.998
10.0	1.008
10.0	1.2925
10.0	1.519
10.0	1.7265
10.0	1.9605
11.0	0.009
11.0	0.019
11.0	0.029
11.0	0.039
11.0	0.049
11.0	0.059
11.0	0.069
11.0	0.079
11.0	0.089
11.0	0.099
11.0	0.109
11.0	0.119
11.0	0.129
11.0	0.139
11.0	0.149
11.0	0.159
11.0	0.169
11.0	0.179
11.0	0.189
11.0	0.199
11.0	0.209
11.0	0.219
11.0	0.229
11.0	0.239
11.0	0.249
11.0	0.259
11.0	0.269
11.0	0.279
11.0	0.289
11.0	0.299
11.0	0.309
11.0	0.319
11.0	0.329
11.0	0.339
11.0	0.349
11.0	0.359
11.0	0.369
11.0	0.379
11.0	0.389
11.0	0.399
11.0	0.409
11.0	0.419
11.0	0.429
11.0	0.439
11.0	0.449
11.0	0.459
11.0	0.469
11.0	0.479
11.0	0.489
11.0	0.499
11.0	0.509
11.0	0.519
11.0	0.529
11.0	0.539
11.0	0.549
11.0	0.559
11.0	0.569
11.0	0.579
11.0	0.589
11.0	0.599
11.0	0.609
11.0	0.619
11.0	0.629
11.0	0.639
11.0	0.649
11.0	0.659
11.0	0.669
11.0	0.679
11.0	0.689
11.0	0.699
11.0	0.709
11.0	0.719
11.0	0.729
11.0	0.739
11.0	0.749
11.0	0.759
11.0	0.769
11.0	0.779
11.0	0.789
11.0	0.799
11.0	0.809
11.0	0.819
11.0	0.829
11.0	0.839
11.0	0.849
11.0	0.859
11.0	0.869
11.0	0.879
11.0	0.889
11.0	0.899
11.0	0.909
11.0	0.919
11.0	0.929
11.0	0.939
11.0	0.949
11.0	0.959
11.0	0.969
11.0	0.979
11.0	0.989
11.0	0.999
11.0	1.009
11.0	1.2485
11.0	1.4405
11.0	1.585
11.0	1.8165
12.0	0.034
12.0	0.0985
12.0	0.159
12.0	0.2205
12.0	0.2785
12.0	0.34
12.0	0.4135
12.0	0.479
12.0	0.5355
12.0	0.602
12.0	0.6605
12.0	0.7185
12.0	0.775
12.0	0.835
12.0	0.8905
12.0	0.936
12.0	0.997
12.0	1.081
12.0	1.212
12.0	1.3665
12.0	1.503
12.0	1.706
12.0	1.939
13.0	0.358
13.0	0.5875
13.0	0.7595
13.0	0.8705
13.0	1.2535
13.0	1.5975
13.0	1.7395
14.0	0.0495
14.0	0.093
14.0	0.174
14.0	0.253
14.0	0.256
14.0	0.3455
14.0	0.42
14.0	0.503
14.0	0.5085
14.0	0.5745
14.0	0.655
14.0	0.746
14.0	0.847
14.0	0.914
14.0	1.0055
14.0	1.372
14.0	1.376
14.0	1.749
14.0	1.752
14.0	1.7565
14.0	1.9895
15.0	0.317
15.0	0.6235
15.0	0.844
16.0	0.042
16.0	0.1105
16.0	0.165
16.0	0.264
16.0	0.338
16.0	0.4105
16.0	0.493
16.0	0.569
16.0	0.574
16.0	0.6685
16.0	0.7515
16.0	0.804
16.0	0.896
16.0	0.9015
16.0	1.0055
16.0	1.4425
18.0	0.047
18.0	0.0975
18.0	0.1595
18.0	0.165
18.0	0.2225
18.0	0.2705
18.0	0.276
18.0	0.331
18.0	0.3985
18.0	0.4015
18.0	0.4675
18.0	0.531
18.0	0.534
18.0	0.597
18.0	0.6005
18.0	0.657
18.0	0.661
18.0	0.7345
18.0	0.7775
18.0	0.8445
18.0	0.89
18.0	0.943
18.0	0.9505
18.0	1.0105
18.0	1.311
18.0	1.3135
18.0	1.318
18.0	1.5845
18.0	1.59
18.0	1.5925
18.0	1.9695
18.0	1.9725
19.0	0.187
19.0	0.3475
19.0	0.445
19.0	0.6225
19.0	0.7605
19.0	0.879
19.0	1.048
19.0	1.283
20.0	0.0635
20.0	0.1275
20.0	0.2025
20.0	0.256
20.0	0.3355
20.0	0.4095
20.0	0.4815
20.0	0.5485
20.0	0.626
20.0	0.6975
20.0	0.756
20.0	0.822
20.0	0.893
20.0	0.9715
20.0	1.0785
20.0	1.269
20.0	1.569
20.0	1.927
21.0	0.314
21.0	0.521
21.0	0.811
21.0	0.913
21.0	1.0445
21.0	1.578
22.0	1.017
22.0	1.163
22.0	1.7545
22.0	1.988
24.0	0.062
24.0	0.161
24.0	0.2765
24.0	0.377
24.0	0.472
24.0	0.5725
24.0	0.7
24.0	0.7835
24.0	0.874
24.0	0.965
24.0	1.2425
25.0	0.0575
25.0	0.131
25.0	0.223
25.0	0.286
25.0	0.3775
25.0	0.4555
25.0	0.5135
25.0	0.609
25.0	0.691
25.0	0.7665
25.0	0.8375
25.0	0.935
25.0	1.013
25.0	1.214
25.0	1.393
25.0	1.5355
25.0	1.641
25.0	1.9555
26.0	0.084
26.0	0.1885
26.0	0.2845
26.0	0.3685
26.0	0.456
26.0	0.5795
26.0	0.6575
26.0	0.7375
26.0	0.8455
26.0	0.937
26.0	1.066
27.0	0.101
27.0	0.201
27.0	0.3285
27.0	0.463
27.0	0.466
27.0	0.5965
27.0	0.701
27.0	0.706
27.0	0.861
27.0	0.865
27.0	0.998
27.0	1.002
28.0	0.2375
28.0	0.5015
28.0	0.683
28.0	0.8825
28.0	1.2075
28.0	1.453
28.0	1.5525
29.0	0.0895
29.0	0.284
29.0	0.493
29.0	0.652
29.0	0.853
29.0	1.247
29.0	1.469
30.0	0.1805
30.0	0.3145
30.0	0.522
30.0	0.7665
30.0	0.9365
30.0	1.222
30.0	1.4405
30.0	1.709
30.0	1.8395
30.0	1.9785
32.0	0.0275
32.0	0.073
32.0	0.1395
32.0	0.196
32.0	0.249
32.0	0.313
32.0	0.363
32.0	0.406
32.0	0.451
32.0	0.501
32.0	0.552
32.0	0.6075
32.0	0.6685
32.0	0.736
32.0	0.784
32.0	0.8355
32.0	0.892
32.0	0.952
32.0	0.998
32.0	1.066
32.0	1.2055
32.0	1.2885
32.0	1.438
32.0	1.5635
32.0	1.719
32.0	1.8795
33.0	0.1185
33.0	0.245
33.0	0.4725
33.0	0.656
33.0	0.862
33.0	1.032
33.0	1.2705
33.0	1.452
33.0	1.6345
33.0	1.909
34.0	0.1635
34.0	0.2815
34.0	0.4115
34.0	0.609
34.0	0.8995
34.0	1.041
34.0	1.9685
36.0	0.152
36.0	0.291
36.0	0.436
36.0	0.6895
36.0	0.837
36.0	0.9785
36.0	1.2715
36.0	1.6135
39.0	0.0365
39.0	0.173
39.0	0.3045
39.0	0.425
39.0	0.5435
39.0	0.671
39.0	0.8265
39.0	0.973
39.0	1.6075
40.0	0.067
40.0	0.1495
40.0	0.2355
40.0	0.3185
40.0	0.3965
40.0	0.4945
40.0	0.5645
40.0	0.636
40.0	0.7245
40.0	0.825
40.0	0.9105
40.0	0.9795
40.0	1.084
40.0	1.2155
40.0	1.328
40.0	1.443
40.0	1.8545
41.0	0.0965
41.0	0.1905
41.0	0.292
41.0	0.4105
41.0	0.5475
41.0	0.6345
41.0	0.7455
41.0	0.861
41.0	0.968
41.0	1.1065
41.0	1.2735
41.0	1.4455
41.0	1.8925
42.0	0.045
42.0	0.1325
42.0	0.2205
42.0	0.3
42.0	0.3775
42.0	0.446
42.0	0.5295
42.0	0.6025
42.0	0.6925
42.0	0.756
42.0	0.83
42.0	0.9205
42.0	1.0025
42.0	1.1
42.0	1.3145
42.0	1.816
42.0	1.9715
43.0	0.0985
43.0	0.373
43.0	0.667
43.0	0.761
43.0	1.02
43.0	1.2515
43.0	1.44
44.0	0.0985
44.0	0.24
44.0	0.395
44.0	0.6065
44.0	0.716
44.0	0.848
44.0	0.981
44.0	1.1985
44.0	1.4355
44.0	1.556
44.0	1.844
45.0	0.147
45.0	0.2995
45.0	0.397
45.0	0.4815
45.0	0.606
45.0	0.7725
45.0	0.915
45.0	1.011
45.0	1.233
45.0	1.4015
45.0	1.5265
45.0	1.857
46.0	0.0245
46.0	0.1065
46.0	0.1915
46.0	0.271
46.0	0.368
46.0	0.468
46.0	0.5495
46.0	0.6275
46.0	0.721
46.0	0.7815
46.0	0.877
46.0	0.973
47.0	0.034
47.0	0.0965
47.0	0.1485
47.0	0.206
47.0	0.264
47.0	0.3265
47.0	0.3965
47.0	0.4495
47.0	0.5155
47.0	0.567
47.0	0.6315
47.0	0.701
47.0	0.771
47.0	0.8475
47.0	0.9095
47.0	0.969
47.0	1.0295
47.0	1.175
47.0	1.2535
47.0	1.3795
47.0	1.547
47.0	1.7595
47.0	1.911
49.0	0.0665
49.0	0.1425
49.0	0.2375
49.0	0.3235
49.0	0.4165
49.0	0.4835
49.0	0.5725
49.0	0.6695
49.0	0.7415
49.0	0.816
49.0	0.8775
49.0	0.98
49.0	1.0605
49.0	1.392
49.0	1.5805
49.0	1.737
49.0	1.949
50.0	0.0365
50.0	0.093
50.0	0.1685
50.0	0.2305
50.0	0.293
50.0	0.364
50.0	0.425
50.0	0.512
50.0	0.5985
50.0	0.679
50.0	0.7555
50.0	0.831
50.0	0.8895
50.0	0.967
50.0	1.0415
50.0	1.2765
50.0	1.4225
50.0	1.622
50.0	1.8315
51.0	0.0835
51.0	0.259
51.0	0.428
51.0	0.593
51.0	0.7185
51.0	0.8675
51.0	1.013
51.0	1.512
52.0	0.214
52.0	0.321
52.0	0.437
52.0	0.5605
52.0	0.8605
52.0	0.8645
52.0	0.996
52.0	1.406
52.0	1.631
52.0	1.6355
52.0	1.819
53.0	0.0775
53.0	0.1905
53.0	0.1975
53.0	0.304
53.0	0.5535
53.0	0.6785
53.0	0.7995
53.0	0.807
53.0	0.9435
53.0	0.949
53.0	0.953
53.0	1.1345
53.0	1.2945
53.0	1.4375
53.0	1.445
53.0	1.7275
53.0	1.774
53.0	1.9745
53.0	1.98
54.0	0.0685
54.0	0.17
54.0	0.3275
54.0	0.4445
54.0	0.563
54.0	0.6815
54.0	0.8235
54.0	1.0085
54.0	1.189
54.0	1.432
54.0	1.7005
54.0	1.9035
55.0	0.175
55.0	0.3235
55.0	0.568
55.0	0.7555
55.0	0.922
55.0	1.0345
55.0	1.258
56.0	0.057
56.0	0.226
56.0	0.4045
56.0	0.4105
56.0	0.5035
56.0	0.666
56.0	0.8765
56.0	0.9765
56.0	0.9825
56.0	1.1705
56.0	1.3815
57.0	0.074
57.0	0.1725
57.0	0.2935
57.0	0.3905
57.0	0.506
57.0	0.6175
57.0	0.6935
57.0	0.802
57.0	0.892
57.0	1.001
57.0	1.2365
57.0	1.3815
57.0	1.8665
58.0	0.061
58.0	0.1425
58.0	0.211
58.0	0.303
58.0	0.3865
58.0	0.458
58.0	0.5485
58.0	0.623
58.0	0.7085
58.0	0.815
58.0	0.8815
58.0	0.961
58.0	1.1735
58.0	1.2845
58.0	1.4175
58.0	1.621
59.0	0.1035
59.0	0.2955
59.0	0.42
59.0	0.5125
59.0	0.6905
59.0	0.799
59.0	1.005
59.0	1.2875
59.0	1.87
60.0	0.1555
60.0	0.3695
60.0	0.531
60.0	0.6875
60.0	1.09
60.0	1.2395
60.0	1.4945
60.0	1.929
61.0	0.222
61.0	0.4455
61.0	0.646
61.0	0.8245
61.0	1.0505
61.0	1.1965
61.0	1.5575
62.0	0.0475
62.0	0.108
62.0	0.1745
62.0	0.2455
62.0	0.3095
62.0	0.366
62.0	0.4345
62.0	0.5005
62.0	0.549
62.0	0.6265
62.0	0.691
62.0	0.7485
62.0	0.815
62.0	0.881
62.0	0.958
62.0	1.0325
62.0	1.266
62.0	1.3675
62.0	1.6065
63.0	0.062
63.0	0.128
63.0	0.1995
63.0	0.2665
63.0	0.3365
63.0	0.3965
63.0	0.46
63.0	0.532
63.0	0.615
63.0	0.6935
63.0	0.7665
63.0	0.829
63.0	0.901
63.0	0.981
63.0	1.127
63.0	1.3395
63.0	1.7665
64.0	0.0245
64.0	0.0785
64.0	0.1535
64.0	0.203
64.0	0.2745
64.0	0.3335
64.0	0.396
64.0	0.4425
64.0	0.523
64.0	0.5815
64.0	0.6555
64.0	0.6945
64.0	0.7585
64.0	0.8355
64.0	0.9005
64.0	0.9645
64.0	1.015
64.0	1.305
64.0	1.4455
64.0	1.6
64.0	1.766
64.0	1.8965
65.0	0.0995
65.0	0.203
65.0	0.2895
65.0	0.427
65.0	0.513
65.0	0.671
65.0	0.8105
65.0	0.9295
65.0	1.0075
65.0	1.515
65.0	1.835
66.0	0.319
66.0	0.4935
66.0	0.626
66.0	0.805
66.0	0.9845
66.0	1.0815
66.0	1.7355
66.0	1.891
66.0	1.9865
67.0	0.1155
67.0	0.3015
67.0	0.8455
68.0	0.0485
68.0	0.202
68.0	0.3355
68.0	0.525
68.0	0.7375
68.0	0.8755
68.0	1.0265
68.0	1.3475
68.0	1.903
69.0	0.039
69.0	0.1045
69.0	0.173
69.0	0.2435
69.0	0.3175
69.0	0.374
69.0	0.435
69.0	0.514
69.0	0.586
69.0	0.6415
69.0	0.715
69.0	0.782
69.0	0.847
69.0	0.9215
69.0	0.996
69.0	1.092
69.0	1.2645
69.0	1.486
69.0	1.9175
70.0	0.011
70.0	0.08
70.0	0.143
70.0	0.214
70.0	0.277
70.0	0.353
70.0	0.414
70.0	0.4655
70.0	0.529
70.0	0.602
70.0	0.6605
70.0	0.7245
70.0	0.7845
70.0	0.8425
70.0	0.908
70.0	0.9605
70.0	1.043
70.0	1.342
70.0	1.815
71.0	0.1495
71.0	0.311
71.0	0.648
71.0	0.8415
71.0	0.988
71.0	1.832
72.0	0.341
72.0	0.6655
72.0	1.1115
72.0	1.3245
72.0	1.715
72.0	1.858
73.0	0.2825
73.0	0.476
73.0	0.5935
73.0	0.716
73.0	0.9665
73.0	1.289
73.0	1.524
74.0	0.2645
74.0	0.6285
74.0	0.852
74.0	1.4985
75.0	0.102
75.0	0.2305
75.0	0.363
75.0	0.503
75.0	0.6565
75.0	0.7875
75.0	0.904
75.0	0.971
75.0	1.142
75.0	1.615
76.0	0.057
76.0	0.1015
76.0	0.1675
76.0	0.248
76.0	0.303
76.0	0.3795
76.0	0.4425
76.0	0.5175
76.0	0.598
76.0	0.6595
76.0	0.723
76.0	0.7885
76.0	0.8405
76.0	0.9095
76.0	0.99
76.0	1.059
76.0	1.251
76.0	1.3415
76.0	1.4845
76.0	1.6165
76.0	1.8965
78.0	0.0195
78.0	0.092
78.0	0.136
78.0	0.2015
78.0	0.277
78.0	0.349
78.0	0.418
78.0	0.494
78.0	0.556
78.0	0.626
78.0	0.696
78.0	0.759
78.0	0.8445
78.0	0.9205
78.0	1.0015
78.0	1.0995
78.0	1.2815
78.0	1.6235
79.0	0.2925
79.0	0.403
79.0	0.638
79.0	0.8905
79.0	1.0445
79.0	1.7115
79.0	1.836
79.0	1.994
80.0	0.086
80.0	0.205
80.0	0.2885
80.0	0.421
80.0	0.54
80.0	0.644
80.0	0.747
80.0	0.8555
80.0	0.981
80.0	1.1605
80.0	1.415
80.0	1.727
80.0	1.8715
82.0	0.091
82.0	0.1865
82.0	0.2795
82.0	0.361
82.0	0.429
82.0	0.5145
82.0	0.6155
82.0	0.698
82.0	0.7895
82.0	0.8765
82.0	0.9865
82.0	1.448
83.0	0.0975
83.0	0.292
83.0	0.465
83.0	0.627
83.0	0.7635
83.0	0.845
83.0	0.984
83.0	1.225
83.0	1.328
83.0	1.5525
83.0	1.631
83.0	1.69
83.0	1.937
84.0	0.0955
84.0	0.2185
84.0	0.3345
84.0	0.438
84.0	0.5685
84.0	0.7035
84.0	0.8235
84.0	0.917
84.0	1.043
85.0	0.118
85.0	0.275
85.0	0.3365
85.0	0.4345
85.0	0.4925
85.0	0.587
85.0	0.666
85.0	0.8095
85.0	0.9015
85.0	0.9785
85.0	1.085
85.0	1.2215
85.0	1.302
85.0	1.509
85.0	1.6055
85.0	1.835
85.0	1.9795
86.0	0.0295
86.0	0.067
86.0	0.1055
86.0	0.146
86.0	0.1765
86.0	0.214
86.0	0.2525
86.0	0.2925
86.0	0.328
86.0	0.363
86.0	0.4005
86.0	0.4455
86.0	0.4785
86.0	0.5165
86.0	0.554
86.0	0.5885
86.0	0.6195
86.0	0.6565
86.0	0.6855
86.0	0.722
86.0	0.7705
86.0	0.805
86.0	0.847
86.0	0.882
86.0	0.923
86.0	0.954
86.0	0.993
86.0	1.042
86.0	1.238
86.0	1.367
86.0	1.508
86.0	1.558
86.0	1.8675
86.0	1.975
88.0	0.045
88.0	0.0845
88.0	0.147
88.0	0.189
88.0	0.224
88.0	0.288
88.0	0.327
88.0	0.3665
88.0	0.4085
88.0	0.4595
88.0	0.494
88.0	0.5455
88.0	0.58
88.0	0.632
88.0	0.6705
88.0	0.7345
88.0	0.766
88.0	0.823
88.0	0.867
88.0	0.905
88.0	0.942
88.0	1.002
88.0	1.054
88.0	1.3065
88.0	1.4115
88.0	1.5845
88.0	1.651
88.0	1.948
89.0	0.0685
89.0	0.115
89.0	0.1735
89.0	0.2355
89.0	0.3
89.0	0.369
89.0	0.428
89.0	0.487
89.0	0.532
89.0	0.5965
89.0	0.6425
89.0	0.6995
89.0	0.751
89.0	0.8055
89.0	0.862
89.0	0.92
89.0	0.9905
89.0	1.2625
89.0	1.5785
89.0	1.947
90.0	0.0345
90.0	0.081
90.0	0.1525
90.0	0.229
90.0	0.285
90.0	0.3755
90.0	0.4285
90.0	0.5205
90.0	0.608
90.0	0.6755
90.0	0.734
90.0	0.837
90.0	0.875
90.0	0.976
90.0	1.404
91.0	0.2185
91.0	0.413
91.0	0.675
91.0	0.9035
91.0	1.1035
91.0	1.7585
92.0	0.16
92.0	0.3415
92.0	0.525
92.0	0.71
92.0	0.8845
92.0	1.0125
92.0	1.462
93.0	0.103
93.0	0.4725
93.0	0.604
93.0	1.194
94.0	0.0585
94.0	0.1105
94.0	0.155
94.0	0.2035
94.0	0.2545
94.0	0.29
94.0	0.341
94.0	0.3895
94.0	0.4435
94.0	0.482
94.0	0.5385
94.0	0.61
94.0	0.663
94.0	0.7285
94.0	0.772
94.0	0.829
94.0	0.87
94.0	0.916
94.0	0.953
94.0	1.011
94.0	1.259
94.0	1.332
94.0	1.502
94.0	1.6075
94.0	1.98
95.0	0.06
95.0	0.34
95.0	0.431
95.0	0.5475
95.0	0.782
95.0	0.879
95.0	1.0995
95.0	1.2595
95.0	1.398
95.0	1.4645
95.0	1.84
95.0	1.9555
96.0	0.1185
96.0	0.209
96.0	0.3255
96.0	0.428
96.0	0.553
96.0	0.6495
96.0	0.73
96.0	0.8215
96.0	0.9085
96.0	1.0005
96.0	1.1145
96.0	1.506
96.0	1.7595
97.0	0.08
97.0	0.135
97.0	0.21
97.0	0.296
97.0	0.3865
97.0	0.457
97.0	0.5195
97.0	0.592
97.0	0.682
97.0	0.79
97.0	0.8755
97.0	0.949
97.0	1.0165
97.0	1.129
97.0	1.4105
97.0	1.529
97.0	1.637
97.0	1.9305
98.0	0.093
98.0	0.1655
98.0	0.288
98.0	0.391
98.0	0.439
98.0	0.4975
98.0	0.5865
98.0	0.6445
98.0	0.7365
98.0	0.806
98.0	0.8915
98.0	0.952
98.0	1.019
98.0	1.109
98.0	1.25
98.0	1.406
98.0	1.524
98.0	1.689
98.0	1.7515
98.0	1.83
98.0	1.88
100.0	0.058
100.0	0.124
100.0	0.1975
100.0	0.25
100.0	0.295
100.0	0.3535
100.0	0.4245
100.0	0.508
100.0	0.5625
100.0	0.6305
100.0	0.681
100.0	0.7305
100.0	0.7805
100.0	0.8525
100.0	0.902
100.0	0.9815
100.0	1.1885
100.0	1.3895
100.0	1.769