2	0.01
3	0.0105
4	0.011
5	0.0115
6	0.012
7	0.0125
8	0.013
9	0.0135
10	0.014
70	0.014
11	0.0145
4	0.0155
6	0.016
8	0.0165
2	0.02
3	0.0205
4	0.021
5	0.0215
6	0.0215
78	0.0215
6	0.022
7	0.0225
8	0.023
9	0.0235
10	0.024
11	0.0245
32	0.029
2	0.03
86	0.03
3	0.0305
4	0.031
5	0.0315
6	0.032
7	0.0325
8	0.033
9	0.0335
10	0.034
11	0.0345
12	0.036
47	0.038
50	0.038
39	0.0385
69	0.0385
2	0.04
3	0.0405
4	0.041
5	0.0415
6	0.042
7	0.0425
16	0.0425
8	0.043
9	0.0435
64	0.0435
10	0.044
11	0.0445
88	0.0465
42	0.047
62	0.0475
18	0.048
68	0.0485
14	0.049
2	0.05
3	0.0505
4	0.051
5	0.0515
6	0.052
7	0.0525
8	0.053
9	0.0535
10	0.054
11	0.0545
56	0.055
76	0.057
100	0.058
25	0.0585
56	0.059
94	0.059
2	0.06
95	0.06
3	0.0605
4	0.061
58	0.061
5	0.0615
6	0.062
24	0.062
63	0.062
7	0.0625
8	0.063
20	0.063
9	0.0635
10	0.064
49	0.064
11	0.0645
40	0.067
86	0.067
54	0.0685
2	0.07
3	0.0705
4	0.071
32	0.071
57	0.071
89	0.071
5	0.0715
6	0.072
7	0.0725
8	0.073
9	0.0735
90	0.0735
10	0.074
11	0.0745
97	0.077
53	0.0775
46	0.0795
2	0.08
70	0.08
3	0.0805
4	0.081
5	0.0815
6	0.082
7	0.0825
8	0.083
51	0.083
9	0.0835
10	0.084
11	0.0845
26	0.0845
88	0.0845
29	0.0895
2	0.09
80	0.09
3	0.0905
4	0.091
5	0.0915
6	0.092
78	0.092
7	0.0925
14	0.0925
8	0.093
50	0.093
98	0.093
9	0.0935
82	0.0935
10	0.094
11	0.0945
41	0.0955
47	0.097
83	0.0975
12	0.098
43	0.098
18	0.0985
44	0.099
64	0.099
84	0.099
65	0.0995
2	0.1
3	0.1005
4	0.101
27	0.101
75	0.101
5	0.1015
6	0.102
7	0.1025
76	0.1025
8	0.103
9	0.1035
59	0.1035
10	0.104
69	0.104
11	0.1045
62	0.1065
86	0.1065
2	0.11
3	0.1105
16	0.1105
4	0.111
5	0.1115
85	0.1115
6	0.112
94	0.112
1	0.1125
7	0.1125
100	0.1125
8	0.113
9	0.1135
10	0.114
11	0.1145
96	0.1145
67	0.117
89	0.117
33	0.119
2	0.12
3	0.1205
4	0.121
5	0.1215
6	0.122
7	0.1225
8	0.123
9	0.1235
32	0.1235
10	0.124
11	0.1245
63	0.1275
20	0.128
25	0.129
2	0.13
3	0.1305
4	0.131
5	0.1315
6	0.132
7	0.1325
42	0.1325
8	0.133
9	0.1335
10	0.134
97	0.134
11	0.1345
78	0.136
88	0.137
2	0.14
3	0.1405
4	0.141
5	0.1415
6	0.142
7	0.1425
49	0.1425
8	0.143
70	0.143
9	0.1435
23	0.1435
58	0.1435
10	0.144
11	0.1445
45	0.1445
86	0.1475
40	0.149
2	0.15
3	0.1505
4	0.151
5	0.1515
6	0.152
36	0.152
7	0.1525
8	0.153
9	0.1535
10	0.154
11	0.1545
94	0.1555
90	0.157
46	0.159
12	0.1595
2	0.16
18	0.16
92	0.16
3	0.1605
4	0.161
5	0.1615
24	0.1615
6	0.162
7	0.1625
64	0.1625
8	0.163
9	0.1635
10	0.164
11	0.1645
16	0.1645
34	0.165
47	0.1655
98	0.1655
50	0.1685
39	0.1695
2	0.17
14	0.17
3	0.1705
4	0.171
54	0.171
91	0.171
5	0.1715
6	0.172
57	0.172
7	0.1725
69	0.1725
8	0.173
53	0.173
72	0.173
9	0.1735
10	0.174
11	0.1745
14	0.1745
55	0.1745
62	0.1745
32	0.176
89	0.176
76	0.178
53	0.1785
30	0.179
56	0.179
2	0.18
3	0.1805
4	0.181
5	0.1815
6	0.182
7	0.1825
8	0.183
9	0.1835
10	0.184
26	0.184
11	0.1845
84	0.1845
100	0.185
19	0.187
88	0.187
82	0.1875
86	0.188
41	0.1885
2	0.19
3	0.1905
4	0.191
5	0.1915
6	0.192
7	0.1925
8	0.193
9	0.1935
1	0.194
10	0.194
11	0.1945
27	0.199
63	0.1995
78	0.1995
2	0.2
3	0.2005
4	0.201
5	0.2015
20	0.2015
6	0.202
7	0.2025
8	0.203
9	0.2035
65	0.2035
10	0.204
11	0.2045
94	0.2075
80	0.2085
97	0.209
2	0.21
3	0.2105
4	0.211
18	0.211
5	0.2115
58	0.2115
6	0.212
52	0.212
7	0.2125
8	0.213
70	0.213
9	0.2135
71	0.2135
10	0.214
11	0.2145
64	0.2145
18	0.2165
2	0.22
12	0.22
3	0.2205
4	0.221
42	0.221
5	0.2215
6	0.222
61	0.222
7	0.2225
25	0.2225
8	0.223
9	0.2235
10	0.224
11	0.2245
90	0.2255
86	0.226
88	0.229
50	0.2295
2	0.23
75	0.23
3	0.2305
4	0.231
5	0.2315
6	0.232
32	0.232
7	0.2325
8	0.233
9	0.2335
10	0.234
11	0.2345
40	0.236
49	0.237
28	0.2375
89	0.238
44	0.2385
47	0.2395
2	0.24
3	0.2405
4	0.241
5	0.2415
6	0.242
7	0.2425
8	0.243
9	0.2435
100	0.2435
10	0.244
69	0.244
11	0.2445
33	0.245
62	0.245
96	0.2475
2	0.25
3	0.2505
4	0.251
5	0.2515
46	0.2515
98	0.2515
6	0.252
7	0.2525
8	0.253
94	0.253
9	0.2535
10	0.254
11	0.2545
76	0.2555
20	0.256
68	0.2565
51	0.2595
2	0.26
43	0.26
3	0.2605
4	0.261
14	0.261
5	0.2615
74	0.2615
6	0.262
7	0.2625
8	0.263
9	0.2635
10	0.264
16	0.264
11	0.2645
14	0.2645
63	0.266
26	0.2675
14	0.2685
2	0.27
18	0.27
3	0.2705
88	0.2705
4	0.271
5	0.2715
86	0.2715
6	0.272
7	0.2725
8	0.273
9	0.2735
10	0.274
18	0.274
11	0.2745
42	0.275
78	0.275
24	0.2765
70	0.2765
85	0.2765
64	0.277
12	0.279
82	0.279
2	0.28
3	0.2805
4	0.281
5	0.2815
6	0.282
7	0.2825
73	0.2825
8	0.283
29	0.283
9	0.2835
10	0.284
11	0.2845
27	0.2845
25	0.285
80	0.2865
90	0.2865
32	0.287
94	0.287
65	0.2895
2	0.29
3	0.2905
4	0.291
36	0.291
45	0.291
79	0.291
5	0.2915
83	0.2915
6	0.292
7	0.2925
97	0.2925
8	0.293
50	0.293
9	0.2935
10	0.294
11	0.2945
47	0.2945
57	0.2945
59	0.2955
84	0.296
100	0.2985
2	0.3
3	0.3005
4	0.301
67	0.301
5	0.3015
6	0.302
7	0.3025
92	0.3025
8	0.303
53	0.303
58	0.303
9	0.3035
10	0.304
11	0.3045
86	0.3045
39	0.3065
89	0.3095
2	0.31
62	0.31
3	0.3105
4	0.311
5	0.3115
6	0.312
7	0.3125
8	0.313
9	0.3135
10	0.314
11	0.3145
30	0.3155
15	0.317
21	0.317
69	0.318
40	0.3185
66	0.319
2	0.32
88	0.32
3	0.3205
52	0.3205
4	0.321
5	0.3215
6	0.322
7	0.3225
8	0.323
71	0.323
9	0.3235
49	0.3235
10	0.324
76	0.324
11	0.3245
55	0.3265
20	0.3275
54	0.328
96	0.3285
2	0.33
82	0.33
3	0.3305
4	0.331
5	0.3315
6	0.332
7	0.3325
8	0.333
9	0.3335
10	0.334
64	0.334
11	0.3345
32	0.3345
63	0.337
16	0.3375
98	0.3385
12	0.3395
2	0.34
18	0.34
95	0.34
3	0.3405
4	0.341
5	0.3415
41	0.3415
6	0.342
72	0.342
7	0.3425
8	0.343
9	0.3435
94	0.3435
10	0.344
86	0.344
11	0.3445
46	0.3445
19	0.348
14	0.3495
2	0.35
78	0.35
3	0.3505
4	0.351
5	0.3515
6	0.352
7	0.3525
70	0.3525
8	0.353
9	0.3535
10	0.354
11	0.3545
68	0.356
2	0.36
75	0.36
3	0.3605
4	0.361
5	0.3615
6	0.362
7	0.3625
8	0.363
88	0.363
9	0.3635
42	0.3635
10	0.364
60	0.364
11	0.3645
50	0.3655
47	0.3665
26	0.367
62	0.367
2	0.37
3	0.3705
89	0.3705
4	0.371
1	0.3715
5	0.3715
6	0.372
24	0.372
7	0.3725
8	0.373
9	0.3735
10	0.374
11	0.3745
69	0.3745
100	0.375
90	0.3775
58	0.3785
25	0.379
86	0.3795
2	0.38
3	0.3805
4	0.381
5	0.3815
6	0.382
7	0.3825
8	0.383
9	0.3835
10	0.384
11	0.3845
32	0.385
97	0.3865
94	0.3895
2	0.39
3	0.3905
57	0.3905
4	0.391
5	0.3915
6	0.392
7	0.3925
8	0.393
9	0.3935
10	0.394
53	0.394
11	0.3945
27	0.395
44	0.395
40	0.396
64	0.396
45	0.397
63	0.3975
18	0.3985
2	0.4
3	0.4005
4	0.401
53	0.401
5	0.4015
18	0.4015
6	0.402
7	0.4025
8	0.403
9	0.4035
10	0.404
20	0.404
56	0.404
11	0.4045
39	0.405
79	0.405
85	0.4055
88	0.406
98	0.407
29	0.4075
76	0.408
2	0.41
3	0.4105
34	0.4105
4	0.411
5	0.4115
12	0.4115
16	0.4115
6	0.412
7	0.4125
8	0.413
9	0.4135
49	0.4135
82	0.4135
83	0.4135
10	0.414
86	0.414
11	0.4145
70	0.4145
91	0.4145
78	0.4185
84	0.4185
33	0.419
2	0.42
3	0.4205
4	0.421
80	0.421
5	0.4215
94	0.4215
6	0.422
7	0.4225
14	0.4225
8	0.423
9	0.4235
10	0.424
11	0.4245
65	0.4265
89	0.427
50	0.4275
14	0.4285
51	0.4295
2	0.43
3	0.4305
47	0.4305
96	0.4305
4	0.431
5	0.4315
6	0.432
7	0.4325
8	0.433
9	0.4335
10	0.434
62	0.434
11	0.4345
36	0.4345
52	0.436
69	0.436
46	0.4395
2	0.44
100	0.44
3	0.4405
4	0.441
5	0.4415
6	0.442
7	0.4425
64	0.4425
8	0.443
32	0.443
9	0.4435
10	0.444
42	0.444
11	0.4445
19	0.4445
2	0.45
3	0.4505
4	0.451
5	0.4515
6	0.452
25	0.452
7	0.4525
90	0.4525
8	0.453
9	0.4535
10	0.454
11	0.4545
58	0.455
97	0.455
26	0.456
43	0.4575
2	0.46
3	0.4605
88	0.4605
4	0.461
5	0.4615
6	0.462
86	0.462
7	0.4625
63	0.4625
8	0.463
41	0.463
9	0.4635
27	0.4635
70	0.4635
10	0.464
11	0.4645
18	0.466
76	0.4675
12	0.4695
83	0.4695
2	0.47
59	0.47
3	0.4705
54	0.4705
1	0.471
4	0.471
18	0.471
24	0.471
5	0.4715
93	0.4715
6	0.472
7	0.4725
8	0.473
9	0.4735
10	0.474
11	0.4745
73	0.476
94	0.4775
2	0.48
45	0.48
3	0.4805
4	0.481
5	0.4815
6	0.482
7	0.4825
8	0.483
9	0.4835
10	0.484
20	0.484
11	0.4845
89	0.487
85	0.4885
98	0.4885
95	0.489
16	0.4895
2	0.49
3	0.4905
4	0.491
5	0.4915
6	0.492
47	0.492
7	0.4925
8	0.493
9	0.4935
78	0.4935
10	0.494
11	0.4945
40	0.4945
66	0.4945
88	0.4955
86	0.498
30	0.4985
62	0.4995
2	0.5
32	0.5
3	0.5005
4	0.501
5	0.5015
6	0.502
7	0.5025
28	0.5025
75	0.5025
8	0.503
56	0.503
9	0.5035
61	0.5035
10	0.504
11	0.5045
100	0.5065
2	0.51
14	0.51
57	0.51
3	0.5105
4	0.511
5	0.5115
6	0.512
7	0.5125
50	0.5125
8	0.513
9	0.5135
25	0.5135
10	0.514
69	0.514
11	0.5145
82	0.5145
46	0.5155
49	0.517
2	0.52
3	0.5205
21	0.5205
4	0.521
5	0.5215
92	0.5215
6	0.522
7	0.5225
90	0.5225
97	0.5225
8	0.523
9	0.5235
64	0.5235
10	0.524
11	0.5245
68	0.525
84	0.527
34	0.528
42	0.5295
70	0.5295
2	0.53
3	0.5305
86	0.5305
4	0.531
60	0.531
5	0.5315
18	0.5315
6	0.532
63	0.532
7	0.5325
89	0.5325
8	0.533
12	0.533
9	0.5335
39	0.5335
10	0.534
11	0.5345
76	0.535
71	0.537
80	0.5395
2	0.54
3	0.5405
94	0.5405
4	0.541
5	0.5415
6	0.542
7	0.5425
8	0.543
9	0.5435
10	0.544
11	0.5445
88	0.5465
58	0.549
2	0.55
32	0.55
3	0.5505
47	0.5505
4	0.551
5	0.5515
6	0.552
7	0.5525
96	0.5525
8	0.553
26	0.553
9	0.5535
10	0.554
11	0.5545
78	0.5545
2	0.56
3	0.5605
4	0.561
29	0.561
5	0.5615
20	0.5615
6	0.562
7	0.5625
8	0.563
9	0.5635
10	0.564
100	0.564
11	0.5645
40	0.5645
54	0.567
16	0.568
62	0.568
65	0.569
2	0.57
3	0.5705
4	0.571
5	0.5715
24	0.5715
6	0.572
86	0.572
7	0.5725
41	0.5725
8	0.573
9	0.5735
10	0.574
11	0.5745
14	0.5745
18	0.577
49	0.578
2	0.58
3	0.5805
4	0.581
5	0.5815
13	0.5815
64	0.5815
6	0.582
7	0.5825
8	0.583
9	0.5835
14	0.5835
10	0.584
11	0.5845
69	0.5855
75	0.586
85	0.586
98	0.586
88	0.588
2	0.59
3	0.5905
32	0.5905
4	0.591
5	0.5915
94	0.5915
97	0.5915
6	0.592
7	0.5925
8	0.593
73	0.593
9	0.5935
10	0.594
89	0.594
11	0.5945
46	0.595
70	0.5955
27	0.5965
55	0.597
50	0.599
90	0.599
2	0.6
3	0.6005
4	0.601
42	0.601
5	0.6015
6	0.602
12	0.602
7	0.6025
8	0.603
9	0.6035
59	0.6035
10	0.604
51	0.604
11	0.6045
44	0.6055
45	0.606
76	0.607
86	0.608
25	0.609
39	0.6095
2	0.61
3	0.6105
4	0.611
5	0.6115
6	0.612
7	0.6125
8	0.613
53	0.613
9	0.6135
10	0.614
11	0.6145
47	0.615
63	0.615
82	0.616
57	0.6175
2	0.62
3	0.6205
4	0.621
5	0.6215
19	0.6215
6	0.622
58	0.622
83	0.622
7	0.6225
8	0.623
15	0.623
9	0.6235
10	0.624
11	0.6245
16	0.6245
20	0.6265
66	0.6265
100	0.6265
26	0.6275
78	0.628
62	0.6285
74	0.6295
2	0.63
3	0.6305
88	0.6305
4	0.631
5	0.6315
6	0.632
7	0.6325
8	0.633
9	0.6335
10	0.634
86	0.634
11	0.6345
40	0.636
18	0.638
96	0.638
89	0.639
2	0.64
68	0.64
79	0.64
3	0.6405
4	0.641
1	0.6415
5	0.6415
6	0.642
7	0.6425
8	0.643
9	0.6435
80	0.6435
90	0.6435
10	0.644
11	0.6445
98	0.645
64	0.6455
94	0.646
32	0.6475
71	0.649
2	0.65
61	0.65
3	0.6505
30	0.6505
69	0.6505
4	0.651
5	0.6515
6	0.652
84	0.652
7	0.6525
8	0.653
9	0.6535
10	0.654
11	0.6545
33	0.6555
70	0.6575
2	0.66
3	0.6605
12	0.6605
4	0.661
5	0.6615
6	0.662
7	0.6625
8	0.663
9	0.6635
10	0.664
11	0.6645
76	0.667
14	0.668
56	0.668
72	0.668
88	0.6685
49	0.669
2	0.67
3	0.6705
4	0.671
5	0.6715
6	0.672
7	0.6725
52	0.6725
8	0.673
9	0.6735
10	0.674
11	0.6745
52	0.6765
91	0.6765
50	0.6785
2	0.68
3	0.6805
46	0.6805
4	0.681
54	0.681
5	0.6815
6	0.682
7	0.6825
8	0.683
28	0.683
86	0.683
9	0.6835
10	0.684
11	0.6845
100	0.6865
90	0.687
2	0.69
36	0.69
3	0.6905
42	0.6905
4	0.691
25	0.691
32	0.691
5	0.6915
6	0.692
18	0.692
64	0.692
7	0.6925
8	0.693
47	0.693
57	0.693
9	0.6935
63	0.6935
10	0.694
11	0.6945
24	0.6945
78	0.6955
89	0.6965
20	0.697
40	0.697
82	0.6975
2	0.7
43	0.7
3	0.7005
4	0.701
5	0.7015
62	0.7015
6	0.702
7	0.7025
8	0.703
27	0.703
9	0.7035
10	0.704
11	0.7045
65	0.7045
92	0.7055
26	0.7065
27	0.7075
58	0.7085
41	0.7095
2	0.71
16	0.71
3	0.7105
4	0.711
5	0.7115
6	0.712
7	0.7125
8	0.713
94	0.713
9	0.7135
10	0.714
11	0.7145
88	0.7155
44	0.716
69	0.7165
86	0.718
12	0.7185
75	0.7185
73	0.7195
96	0.7195
2	0.72
51	0.72
3	0.7205
4	0.721
5	0.7215
70	0.7215
6	0.722
7	0.7225
8	0.723
9	0.7235
10	0.724
11	0.7245
97	0.7255
2	0.73
3	0.7305
4	0.731
5	0.7315
6	0.732
7	0.7325
8	0.733
9	0.7335
10	0.734
11	0.7345
39	0.7355
90	0.7355
98	0.7365
2	0.74
84	0.74
3	0.7405
4	0.741
5	0.7415
49	0.7415
6	0.742
7	0.7425
8	0.743
20	0.743
9	0.7435
10	0.744
11	0.7445
29	0.745
80	0.7475
14	0.748
89	0.749
2	0.75
3	0.7505
18	0.7505
4	0.751
5	0.7515
6	0.752
7	0.7525
8	0.753
32	0.753
46	0.753
76	0.753
9	0.7535
93	0.7535
10	0.754
11	0.7545
50	0.755
18	0.7555
42	0.7565
64	0.7575
100	0.7575
94	0.758
78	0.7585
2	0.76
19	0.76
3	0.7605
47	0.7605
86	0.7605
4	0.761
13	0.761
5	0.7615
6	0.762
7	0.7625
8	0.763
9	0.7635
85	0.7635
10	0.764
11	0.7645
83	0.7645
25	0.7665
63	0.7675
88	0.7675
55	0.769
2	0.77
59	0.77
3	0.7705
4	0.771
5	0.7715
6	0.772
7	0.7725
8	0.773
9	0.7735
12	0.7735
10	0.774
11	0.7745
62	0.7745
45	0.7755
70	0.776
2	0.78
3	0.7805
4	0.781
5	0.7815
6	0.782
40	0.782
7	0.7825
69	0.7825
8	0.783
9	0.7835
10	0.784
11	0.7845
82	0.7895
2	0.79
3	0.7905
24	0.7905
86	0.7905
4	0.791
5	0.7915
6	0.792
7	0.7925
8	0.793
9	0.7935
10	0.794
75	0.794
11	0.7945
30	0.7945
97	0.797
16	0.7975
2	0.8
53	0.8
90	0.8
3	0.8005
4	0.801
5	0.8015
6	0.802
7	0.8025
57	0.8025
89	0.8025
8	0.803
9	0.8035
98	0.8035
10	0.804
11	0.8045
66	0.8045
32	0.808
2	0.81
3	0.8105
4	0.811
20	0.811
47	0.811
5	0.8115
6	0.812
7	0.8125
21	0.8125
26	0.8125
8	0.813
9	0.8135
10	0.814
11	0.8145
58	0.815
18	0.8165
100	0.8165
49	0.8195
88	0.8195
2	0.82
3	0.8205
4	0.821
5	0.8215
6	0.822
7	0.8225
8	0.823
65	0.823
9	0.8235
10	0.824
11	0.8245
61	0.8255
94	0.8255
96	0.8255
63	0.829
86	0.829
42	0.8295
76	0.8295
2	0.83
3	0.8305
4	0.831
50	0.831
5	0.8315
6	0.832
7	0.8325
8	0.833
9	0.8335
10	0.834
27	0.834
11	0.8345
12	0.8345
64	0.836
25	0.8365
71	0.8365
36	0.837
62	0.8385
70	0.8395
2	0.84
68	0.84
3	0.8405
4	0.841
5	0.8415
6	0.842
7	0.8425
8	0.843
9	0.8435
15	0.8435
78	0.8435
10	0.844
11	0.8445
67	0.8455
54	0.846
69	0.8475
2	0.85
34	0.85
3	0.8505
4	0.851
5	0.8515
6	0.852
83	0.852
84	0.852
7	0.8525
92	0.8525
8	0.853
88	0.853
9	0.8535
80	0.8535
10	0.854
11	0.8545
32	0.855
86	0.857
41	0.859
40	0.8595
2	0.86
3	0.8605
4	0.861
14	0.861
5	0.8615
6	0.862
82	0.862
7	0.8625
8	0.863
9	0.8635
10	0.864
1	0.8645
11	0.8645
14	0.8665
18	0.867
33	0.867
51	0.868
89	0.868
16	0.8685
46	0.869
90	0.869
2	0.87
3	0.8705
4	0.871
5	0.8715
44	0.8715
6	0.872
7	0.8725
8	0.873
9	0.8735
10	0.874
13	0.874
24	0.874
11	0.8745
94	0.876
97	0.8765
47	0.878
56	0.8785
100	0.8785
49	0.879
2	0.88
3	0.8805
4	0.881
19	0.881
5	0.8815
6	0.882
7	0.8825
28	0.8825
8	0.883
95	0.883
9	0.8835
10	0.884
11	0.8845
45	0.886
98	0.886
20	0.8875
2	0.89
3	0.8905
12	0.8905
58	0.8905
4	0.891
5	0.8915
6	0.892
7	0.8925
26	0.8925
79	0.8925
8	0.893
9	0.8935
86	0.8935
10	0.894
11	0.8945
76	0.896
50	0.8965
63	0.8975
57	0.8985
2	0.9
3	0.9005
64	0.9005
4	0.901
5	0.9015
42	0.9015
6	0.902
85	0.902
7	0.9025
8	0.903
88	0.903
9	0.9035
10	0.904
11	0.9045
75	0.9045
91	0.9055
29	0.906
32	0.906
70	0.907
59	0.909
2	0.91
96	0.91
3	0.9105
4	0.911
5	0.9115
6	0.912
7	0.9125
62	0.9125
8	0.913
9	0.9135
21	0.9135
10	0.914
11	0.9145
39	0.918
78	0.9195
2	0.92
3	0.9205
4	0.921
69	0.921
5	0.9215
89	0.9215
6	0.922
55	0.922
7	0.9225
8	0.923
9	0.9235
10	0.924
11	0.9245
94	0.9275
90	0.928
65	0.929
82	0.9295
2	0.93
3	0.9305
4	0.931
5	0.9315
6	0.932
7	0.9325
18	0.9325
8	0.933
9	0.9335
10	0.934
11	0.9345
25	0.9355
100	0.9365
12	0.937
47	0.937
86	0.9375
18	0.939
2	0.94
3	0.9405
4	0.941
5	0.9415
6	0.942
7	0.9425
16	0.9425
53	0.9425
8	0.943
9	0.9435
10	0.944
11	0.9445
53	0.9465
40	0.947
2	0.95
3	0.9505
16	0.9505
4	0.951
5	0.9515
52	0.9515
6	0.952
7	0.9525
8	0.953
9	0.9535
10	0.954
98	0.954
11	0.9545
32	0.955
52	0.956
27	0.959
68	0.959
2	0.96
70	0.96
3	0.9605
4	0.961
14	0.961
84	0.961
5	0.9615
46	0.9615
76	0.9615
6	0.962
7	0.9625
8	0.963
64	0.963
9	0.9635
94	0.9635
10	0.964
88	0.964
11	0.9645
24	0.9655
73	0.9665
50	0.9675
86	0.968
63	0.969
2	0.97
3	0.9705
20	0.9705
4	0.971
75	0.971
5	0.9715
41	0.9715
6	0.972
7	0.9725
8	0.973
9	0.9735
10	0.974
11	0.9745
85	0.975
89	0.976
90	0.976
42	0.9765
62	0.9765
36	0.9785
49	0.979
2	0.98
3	0.9805
4	0.981
5	0.9815
58	0.9815
6	0.982
7	0.9825
80	0.9825
8	0.983
9	0.9835
10	0.984
66	0.984
83	0.984
11	0.9845
97	0.986
71	0.9875
2	0.99
3	0.9905
4	0.991
5	0.9915
6	0.992
7	0.9925
8	0.993
9	0.9935
26	0.9935
10	0.994
11	0.9945
69	0.9965
96	0.9985
12	0.999
2	1
3	1.0005
4	1.001
18	1.001
5	1.0015
6	1.002
1	1.0025
7	1.0025
57	1.0025
8	1.003
9	1.0035
10	1.004
88	1.004
11	1.0045
86	1.0045
78	1.0055
47	1.006
45	1.0075
65	1.008
54	1.009
100	1.009
16	1.01
32	1.0105
94	1.011
51	1.0135
43	1.016
64	1.0175
22	1.018
25	1.018
98	1.0195
14	1.02
51	1.02
52	1.021
92	1.021
53	1.022
54	1.023
55	1.024
53	1.025
56	1.025
57	1.026
58	1.027
89	1.027
59	1.028
60	1.029
33	1.031
79	1.032
56	1.0335
40	1.034
62	1.035
82	1.0385
51	1.04
34	1.0405
50	1.041
52	1.041
53	1.042
54	1.043
55	1.044
76	1.044
56	1.045
57	1.046
58	1.047
88	1.047
59	1.048
60	1.049
61	1.0505
21	1.051
46	1.0515
63	1.052
19	1.0525
86	1.055
96	1.0555
70	1.056
91	1.057
44	1.059
51	1.06
49	1.061
52	1.061
53	1.062
39	1.063
54	1.063
55	1.064
56	1.065
97	1.0655
57	1.066
32	1.067
58	1.067
59	1.068
18	1.069
60	1.069
41	1.071
78	1.0715
93	1.0715
27	1.0775
12	1.078
20	1.0795
51	1.08
83	1.08
52	1.081
66	1.0815
53	1.082
54	1.083
55	1.084
56	1.085
95	1.085
57	1.086
85	1.0865
58	1.087
59	1.088
80	1.0885
60	1.089
69	1.0895
64	1.095
88	1.095
1	1.0985
42	1.0985
51	1.1
52	1.101
53	1.102
54	1.103
55	1.104
56	1.105
57	1.106
58	1.107
59	1.108
14	1.109
60	1.109
98	1.1095
56	1.1115
96	1.1135
72	1.114
82	1.1145
45	1.116
90	1.1175
51	1.12
52	1.121
79	1.1215
2	1.122
53	1.122
54	1.123
97	1.1235
55	1.124
56	1.125
73	1.1255
57	1.126
29	1.1265
58	1.127
59	1.128
60	1.129
33	1.1305
11	1.1345
76	1.1355
88	1.1355
4	1.136
50	1.137
3	1.1375
51	1.14
7	1.1405
52	1.141
53	1.142
89	1.142
32	1.143
54	1.143
75	1.143
55	1.144
56	1.145
57	1.146
93	1.146
58	1.147
59	1.148
60	1.149
8	1.1525
43	1.1535
41	1.154
22	1.1545
78	1.1545
9	1.1595
51	1.16
95	1.16
52	1.161
68	1.161
40	1.1615
53	1.162
54	1.163
55	1.164
56	1.165
57	1.166
58	1.167
59	1.168
1	1.1685
94	1.1685
60	1.169
83	1.169
88	1.169
56	1.1695
25	1.171
62	1.1725
47	1.173
24	1.1745
12	1.175
64	1.1775
51	1.18
52	1.181
53	1.182
54	1.183
55	1.184
56	1.185
57	1.186
49	1.1865
58	1.187
63	1.187
59	1.188
60	1.189
85	1.1895
98	1.1945
44	1.195
61	1.1955
96	1.196
97	1.196
26	1.198
93	1.198
82	1.1985
10	1.1995
32	1.1995
51	1.2
86	1.2005
52	1.201
53	1.202
54	1.203
55	1.204
56	1.205
57	1.206
58	1.207
59	1.208
28	1.2085
60	1.209
4	1.21
39	1.215
69	1.2175
80	1.2175
7	1.218
51	1.22
90	1.22
52	1.221
78	1.221
83	1.2215
53	1.222
54	1.223
88	1.2235
34	1.224
55	1.224
30	1.225
56	1.225
57	1.226
58	1.227
41	1.2275
59	1.228
60	1.229
76	1.229
2	1.23
45	1.2315
79	1.234
33	1.2345
3	1.235
11	1.235
1	1.2365
50	1.2375
67	1.238
6	1.239
51	1.24
52	1.241
66	1.241
53	1.242
95	1.2425
29	1.243
54	1.243
55	1.244
100	1.244
56	1.245
57	1.246
89	1.246
58	1.247
59	1.248
86	1.248
60	1.249
12	1.2495
47	1.2495
88	1.25
94	1.2505
98	1.254
43	1.255
44	1.257
14	1.259
51	1.26
52	1.261
53	1.262
54	1.263
62	1.263
55	1.264
14	1.265
56	1.265
64	1.265
57	1.266
58	1.267
59	1.268
60	1.269
68	1.269
36	1.2705
85	1.2735
96	1.2735
21	1.274
19	1.279
78	1.279
51	1.28
71	1.2805
52	1.281
53	1.282
32	1.2825
54	1.283
55	1.284
56	1.285
93	1.2855
57	1.286
58	1.287
22	1.2875
59	1.288
46	1.2885
60	1.289
8	1.292
25	1.2935
7	1.2945
88	1.295
4	1.2965
8	1.2975
4	1.2995
51	1.3
52	1.301
53	1.302
41	1.303
54	1.303
55	1.304
56	1.305
95	1.3055
57	1.306
82	1.306
97	1.3065
58	1.307
53	1.308
59	1.308
86	1.308
18	1.3085
60	1.309
2	1.3095
49	1.3095
42	1.311
18	1.313
3	1.314
83	1.314
76	1.3145
69	1.3155
51	1.32
9	1.321
33	1.321
52	1.321
53	1.322
40	1.323
54	1.323
55	1.324
56	1.325
72	1.3255
57	1.326
58	1.327
59	1.328
60	1.329
1	1.3295
79	1.3295
80	1.3335
64	1.334
63	1.3345
11	1.3355
88	1.336
96	1.337
45	1.339
70	1.339
14	1.34
51	1.34
62	1.3405
52	1.341
53	1.342
85	1.342
93	1.342
94	1.342
54	1.343
92	1.3435
55	1.344
56	1.345
57	1.346
14	1.347
50	1.347
58	1.347
59	1.348
89	1.348
60	1.349
78	1.351
97	1.3585
51	1.36
52	1.361
53	1.362
12	1.3625
54	1.363
55	1.364
56	1.365
10	1.366
57	1.366
58	1.367
59	1.368
60	1.369
20	1.372
88	1.3735
32	1.3745
47	1.376
7	1.377
73	1.3795
51	1.38
52	1.381
53	1.382
41	1.3825
54	1.383
55	1.384
56	1.385
29	1.3855
93	1.3855
57	1.386
58	1.387
95	1.3875
59	1.388
60	1.389
27	1.3895
15	1.39
100	1.3905
34	1.3915
2	1.393
4	1.393
39	1.393
27	1.394
44	1.394
74	1.395
66	1.3955
51	1.4
76	1.4005
52	1.401
53	1.402
98	1.402
54	1.403
55	1.404
88	1.404
90	1.4045
56	1.405
57	1.406
85	1.4065
58	1.407
1	1.4075
4	1.4075
59	1.408
60	1.409
33	1.41
86	1.411
22	1.4115
68	1.4115
97	1.417
78	1.418
94	1.4195
51	1.42
52	1.421
49	1.422
53	1.422
54	1.423
55	1.424
50	1.4245
79	1.4245
56	1.425
57	1.426
58	1.427
69	1.4275
59	1.428
60	1.429
64	1.4355
96	1.436
12	1.438
30	1.4385
11	1.4395
19	1.4395
43	1.4395
62	1.4395
40	1.44
51	1.44
52	1.441
80	1.4415
53	1.442
54	1.443
55	1.444
82	1.4445
56	1.445
93	1.4455
57	1.446
58	1.447
88	1.447
59	1.448
60	1.449
3	1.4505
95	1.451
28	1.4525
45	1.4525
9	1.4545
41	1.4555
16	1.4595
51	1.46
25	1.4605
52	1.461
53	1.462
54	1.463
55	1.464
56	1.465
92	1.465
57	1.466
58	1.467
59	1.468
2	1.4685
60	1.469
76	1.4695
89	1.4695
29	1.4715
83	1.4735
70	1.478
1	1.479
7	1.4795
51	1.48
52	1.481
78	1.4815
8	1.482
53	1.482
4	1.483
54	1.483
88	1.4835
55	1.484
32	1.4845
56	1.485
57	1.486
58	1.487
63	1.487
59	1.488
60	1.489
97	1.4905
100	1.494
94	1.4945
85	1.499
51	1.5
64	1.5
90	1.5
52	1.501
53	1.502
54	1.503
10	1.504
55	1.504
56	1.505
57	1.506
58	1.507
20	1.5075
59	1.508
14	1.509
60	1.509
98	1.5095
96	1.51
27	1.516
27	1.519
51	1.52
88	1.5205
52	1.521
73	1.521
53	1.522
33	1.5225
44	1.523
54	1.523
27	1.524
55	1.524
56	1.525
52	1.5255
57	1.526
58	1.527
59	1.528
45	1.529
60	1.529
6	1.5295
76	1.5305
82	1.5315
93	1.533
95	1.533
79	1.536
92	1.536
97	1.536
46	1.5365
50	1.5385
41	1.5395
51	1.54
52	1.541
11	1.5415
53	1.542
54	1.543
55	1.544
56	1.545
47	1.5455
22	1.546
57	1.546
58	1.547
59	1.548
60	1.549
66	1.55
61	1.5515
69	1.5515
34	1.552
1	1.5555
86	1.557
78	1.5575
88	1.5575
40	1.5585
51	1.56
80	1.5605
52	1.561
53	1.562
2	1.5625
32	1.563
54	1.563
55	1.564
56	1.565
57	1.566
3	1.5665
29	1.5665
58	1.567
59	1.568
60	1.569
7	1.572
4	1.5755
21	1.5755
89	1.576
68	1.577
64	1.578
49	1.5785
96	1.5795
12	1.58
51	1.58
52	1.581
53	1.582
93	1.582
54	1.583
88	1.5835
55	1.584
56	1.585
57	1.586
25	1.587
58	1.587
59	1.588
62	1.588
60	1.589
18	1.592
67	1.5955
83	1.598
85	1.598
10	1.5985
90	1.5995
51	1.6
52	1.601
53	1.602
54	1.603
55	1.604
56	1.605
41	1.606
57	1.606
58	1.607
59	1.608
60	1.609
36	1.612
8	1.6125
76	1.614
94	1.6145
98	1.6145
8	1.6165
88	1.6195
51	1.62
9	1.6205
50	1.621
52	1.621
53	1.622
95	1.622
78	1.6225
54	1.623
55	1.624
56	1.625
57	1.626
58	1.627
59	1.628
11	1.6285
33	1.629
60	1.629
97	1.63
1	1.6325
4	1.635
32	1.635
4	1.6395
44	1.6395
51	1.64
63	1.64
14	1.641
52	1.641
53	1.642
54	1.643
14	1.644
55	1.644
56	1.645
57	1.646
47	1.6465
58	1.647
59	1.648
60	1.649
73	1.65
88	1.651
7	1.6515
82	1.6515
86	1.6525
3	1.6555
64	1.658
100	1.6585
2	1.6595
51	1.66
52	1.661
93	1.661
53	1.662
54	1.663
55	1.664
56	1.665
83	1.665
57	1.666
69	1.666
58	1.667
79	1.6675
59	1.668
60	1.669
12	1.671
80	1.673
62	1.675
41	1.6775
96	1.678
42	1.679
51	1.68
18	1.6805
52	1.681
53	1.682
54	1.683
18	1.6835
55	1.684
56	1.685
40	1.6855
57	1.686
50	1.6865
58	1.687
45	1.688
59	1.688
60	1.689
94	1.689
97	1.6915
88	1.6945
22	1.695
70	1.695
29	1.698
90	1.6985
20	1.7
51	1.7
89	1.7005
52	1.701
95	1.7015
53	1.702
54	1.703
76	1.703
55	1.704
98	1.7045
56	1.705
57	1.706
58	1.707
59	1.708
78	1.708
60	1.709
30	1.7125
49	1.7145
32	1.7165
72	1.7165
51	1.72
52	1.721
85	1.721
53	1.722
54	1.723
55	1.724
56	1.725
10	1.7255
33	1.7255
57	1.726
58	1.727
59	1.728
25	1.729
60	1.729
1	1.732
83	1.7325
66	1.735
68	1.737
79	1.7375
88	1.7385
51	1.74
52	1.741
53	1.742
64	1.742
54	1.743
9	1.7435
55	1.744
56	1.745
2	1.7455
57	1.746
7	1.7465
4	1.747
14	1.747
58	1.747
59	1.748
60	1.749
14	1.75
96	1.751
46	1.7535
4	1.754
21	1.757
14	1.7585
47	1.7585
51	1.76
52	1.761
53	1.762
54	1.763
55	1.764
56	1.765
63	1.765
57	1.766
12	1.7665
62	1.7665
58	1.767
82	1.7675
59	1.768
8	1.7685
60	1.769
44	1.772
95	1.772
93	1.773
11	1.7735
41	1.7735
88	1.774
32	1.7755
100	1.7755
97	1.7795
51	1.78
52	1.781
53	1.782
54	1.783
55	1.784
67	1.784
56	1.785
57	1.786
86	1.786
58	1.787
59	1.788
60	1.789
69	1.794
89	1.794
76	1.795
83	1.797
94	1.798
78	1.7985
80	1.7995
51	1.8
52	1.801
53	1.802
54	1.803
55	1.804
1	1.8045
56	1.805
57	1.806
3	1.8065
50	1.8065
58	1.807
59	1.808
60	1.809
88	1.8115
22	1.813
98	1.815
85	1.8155
42	1.8185
51	1.82
52	1.821
53	1.822
7	1.823
54	1.823
64	1.823
79	1.823
55	1.824
56	1.825
33	1.8255
57	1.826
40	1.827
58	1.827
59	1.828
60	1.829
71	1.83
96	1.8305
29	1.8345
65	1.835
49	1.837
9	1.8375
30	1.8385
2	1.8395
51	1.84
45	1.841
52	1.841
26	1.8415
95	1.8415
53	1.842
54	1.843
87	1.843
34	1.844
55	1.844
56	1.845
57	1.846
44	1.8465
10	1.847
53	1.847
58	1.847
59	1.848
92	1.848
4	1.8485
60	1.849
88	1.85
73	1.8525
32	1.8545
93	1.8545
78	1.856
72	1.8565
97	1.857
24	1.8575
86	1.858
51	1.86
52	1.861
53	1.862
94	1.8625
54	1.863
41	1.8635
55	1.864
1	1.8645
56	1.865
43	1.866
57	1.866
58	1.867
25	1.868
59	1.868
60	1.869
98	1.8705
80	1.8715
62	1.8755
68	1.8755
47	1.876
11	1.877
50	1.8785
14	1.879
51	1.88
52	1.881
53	1.882
54	1.883
85	1.883
55	1.884
56	1.885
61	1.885
57	1.886
88	1.8865
58	1.887
19	1.888
59	1.888
60	1.889
66	1.8895
56	1.891
76	1.893
64	1.8935
82	1.8935
89	1.8965
69	1.8985
95	1.899
51	1.9
90	1.9005
52	1.901
46	1.9015
53	1.902
54	1.903
55	1.904
56	1.905
57	1.906
8	1.9065
58	1.907
59	1.908
7	1.909
33	1.909
60	1.909
96	1.909
8	1.9115
39	1.913
79	1.9135
3	1.9155
18	1.9185
51	1.92
52	1.921
22	1.9215
53	1.922
78	1.9225
2	1.923
54	1.923
55	1.924
63	1.9245
56	1.925
20	1.9255
32	1.9255
57	1.926
58	1.927
59	1.928
4	1.9285
60	1.929
83	1.9295
12	1.93
1	1.932
4	1.932
93	1.9325
41	1.933
88	1.9335
49	1.934
51	1.94
52	1.941
53	1.942
97	1.942
54	1.943
55	1.944
56	1.945
57	1.946
94	1.9465
58	1.947
59	1.948
60	1.949
45	1.9495
21	1.956
29	1.956
95	1.9565
86	1.9595
51	1.96
98	1.9605
52	1.961
10	1.9615
53	1.962
54	1.963
55	1.964
14	1.965
56	1.965
57	1.966
9	1.967
58	1.967
50	1.9675
44	1.968
59	1.968
60	1.969
88	1.9705
42	1.971
85	1.971
76	1.9715
30	1.978
64	1.978
51	1.98
52	1.981
40	1.9815
46	1.9815
53	1.982
69	1.982
54	1.983
55	1.984
96	1.984
56	1.985
36	1.986
57	1.986
66	1.986
58	1.987
59	1.988
60	1.989
79	1.9915
27	1.992
11	1.9925
80	1.9925
100	1.994
68	1.995
78	1.9955
27	1.996
83	1.9965
33	1.998
82	1.998
93	1.9985
51	2
52	2.001
7	2.0015
53	2.002
54	2.003
39	2.004
55	2.004
56	2.005
57	2.006
92	2.0065
95	2.0065
58	2.007
89	2.0075
59	2.008
88	2.008
60	2.009
62	2.011
98	2.0155
3	2.0175
94	2.018
25	2.019
1	2.02
51	2.02
52	2.021
53	2.022
47	2.023
54	2.023
55	2.024
56	2.025
57	2.026
28	2.027
58	2.027
8	2.0275
59	2.028
32	2.0285
60	2.029
73	2.03
2	2.0335
41	2.035
22	2.0375
34	2.0375
76	2.0375
75	2.0385
51	2.04
85	2.04
19	2.0405
52	2.041
53	2.042
4	2.0425
14	2.0425
54	2.043
55	2.044
88	2.044
56	2.045
57	2.046
58	2.047
59	2.048
60	2.049
50	2.0505
12	2.0545
64	2.0565
97	2.059
51	2.06
93	2.0605
52	2.061
63	2.0615
90	2.0615
53	2.062
83	2.062
54	2.063
55	2.064
78	2.0645
86	2.0645
56	2.065
57	2.066
58	2.067
59	2.068
60	2.069
29	2.0695
49	2.071
15	2.072
82	2.074
51	2.08
52	2.081
53	2.082
54	2.083
55	2.084
56	2.085
87	2.085
57	2.086
21	2.0865
65	2.0865
58	2.087
59	2.088
96	2.088
88	2.0885
7	2.089
60	2.089
95	2.09
1	2.0905
79	2.0945
11	2.096
69	2.097
89	2.097
51	2.1
20	2.101
52	2.101
80	2.1015
53	2.102
9	2.1025
54	2.103
55	2.104
56	2.105
94	2.105
57	2.106
58	2.107
59	2.108
60	2.109
68	2.1135
33	2.114
44	2.1145
4	2.119
51	2.12
98	2.12
52	2.121
62	2.121
53	2.122
54	2.123
55	2.124
6	2.125
56	2.125
57	2.126
83	2.126
45	2.1265
58	2.127
59	2.128
60	2.129
2	2.1295
88	2.1305
34	2.1315
46	2.1315
97	2.1315
10	2.132
41	2.132
8	2.136
66	2.1365
86	2.138
51	2.14
25	2.1405
76	2.1405
52	2.141
32	2.142
53	2.142
54	2.143
64	2.143
70	2.143
55	2.144
56	2.145
57	2.146
58	2.147
59	2.148
60	2.149
78	2.15
3	2.1525
96	2.153
14	2.154
50	2.1545
93	2.1575
12	2.158
22	2.1595
14	2.16
51	2.16
52	2.161
53	2.162
47	2.163
54	2.163
55	2.164
52	2.165
56	2.165
95	2.1655
57	2.166
58	2.167
85	2.1675
59	2.168
60	2.169
88	2.173
100	2.173
79	2.176
9	2.18
51	2.18
82	2.18
7	2.1805
52	2.181
53	2.182
54	2.183
55	2.184
49	2.185
56	2.185
57	2.186
58	2.187
80	2.1875
59	2.188
60	2.189
4	2.195
43	2.1955
44	2.198
51	2.2
52	2.201
53	2.202
54	2.203
69	2.203
1	2.204
55	2.204
56	2.205
57	2.206
93	2.2065
58	2.207
59	2.208
29	2.209
40	2.209
60	2.209
42	2.2095
2	2.211
98	2.212
88	2.213
41	2.2145
33	2.2155
32	2.217
89	2.217
64	2.2195
51	2.22
52	2.221
18	2.222
53	2.222
67	2.222
90	2.2225
54	2.223
87	2.2235
25	2.224
55	2.224
63	2.224
56	2.225
57	2.226
58	2.227
10	2.2275
59	2.228
60	2.229
46	2.2315
11	2.233
86	2.2335
62	2.234
97	2.2345
94	2.2355
76	2.237
95	2.2385
83	2.239
51	2.24
52	2.241
53	2.242
54	2.243
55	2.244
56	2.245
68	2.245
8	2.246
57	2.246
78	2.246
3	2.2465
88	2.2465
58	2.247
59	2.248
60	2.249
96	2.251
45	2.252
50	2.253
21	2.2545
85	2.256
22	2.258
14	2.259
61	2.2595
51	2.26
52	2.261
53	2.262
75	2.262
54	2.263
28	2.264
55	2.264
82	2.2645
56	2.265
12	2.2655
57	2.266
58	2.267
59	2.268
7	2.269
60	2.269
98	2.2735
93	2.2785
51	2.28
64	2.2805
52	2.281
1	2.2815
53	2.282
54	2.283
55	2.284
56	2.285
57	2.286
58	2.287
72	2.287
59	2.288
60	2.289
95	2.289
41	2.2895
9	2.2905
79	2.293
4	2.294
69	2.2975
88	2.2975
51	2.3
20	2.3005
76	2.3005
83	2.3005
52	2.301
80	2.301
53	2.302
39	2.303
54	2.303
55	2.304
56	2.305
49	2.306
57	2.306
58	2.307
59	2.308
2	2.3085
60	2.309
30	2.31
78	2.313
32	2.317
44	2.3175
51	2.32
52	2.321
96	2.3215
53	2.322
66	2.322
15	2.323
54	2.323
55	2.324
29	2.325
56	2.325
57	2.326
58	2.327
50	2.3275
59	2.328
60	2.329
93	2.329
88	2.3315
89	2.332
11	2.333
36	2.3335
97	2.334
47	2.335
40	2.336
51	2.34
52	2.341
53	2.342
54	2.343
55	2.344
56	2.345
57	2.346
98	2.3465
58	2.347
59	2.348
85	2.348
60	2.349
25	2.35
14	2.3505
34	2.351
33	2.352
64	2.352
82	2.354
95	2.354
14	2.356
94	2.3565
7	2.36
51	2.36
52	2.361
53	2.362
54	2.363
55	2.364
68	2.364
1	2.365
56	2.365
57	2.366
65	2.366
58	2.367
59	2.368
60	2.369
22	2.372
88	2.372
78	2.3735
3	2.376
10	2.379
62	2.3795
51	2.38
76	2.38
52	2.381
53	2.382
54	2.383
63	2.3835
55	2.384
45	2.385
56	2.385
41	2.386
57	2.386
58	2.387
59	2.388
86	2.388
60	2.389
4	2.3915
96	2.3925
6	2.395
67	2.3955
30	2.398
83	2.3985
2	2.399
9	2.4
51	2.4
6	2.4005
52	2.401
69	2.4015
53	2.402
12	2.403
54	2.403
97	2.403
55	2.404
56	2.405
57	2.406
80	2.406
58	2.407
59	2.408
60	2.409
88	2.412
79	2.4125
32	2.414
87	2.415
8	2.4155
49	2.416
100	2.4185
51	2.42
52	2.421
53	2.422
54	2.423
55	2.424
29	2.4245
93	2.4245
56	2.425
50	2.4255
57	2.426
64	2.426
58	2.427
59	2.428
60	2.429
18	2.4315
85	2.433
89	2.433
42	2.434
18	2.4355
94	2.436
73	2.439
51	2.44
18	2.4405
47	2.4405
78	2.4405
52	2.441
53	2.442
54	2.443
55	2.444
56	2.445
74	2.445
57	2.446
58	2.447
7	2.4475
59	2.448
60	2.449
62	2.449
1	2.45
98	2.455
88	2.4555
90	2.456
97	2.4565
44	2.457
51	2.46
40	2.4605
82	2.4605
52	2.461
53	2.462
54	2.463
55	2.464
56	2.465
57	2.466
58	2.467
59	2.468
95	2.468
60	2.469
66	2.4695
33	2.471
4	2.4715
25	2.4775
96	2.478
86	2.479
76	2.4795
51	2.48
52	2.481
53	2.482
54	2.483
11	2.484
55	2.484
56	2.485
2	2.4855
3	2.486
57	2.486
58	2.487
59	2.488
60	2.489
83	2.4905
14	2.4925
88	2.4955
8	2.498
14	2.498
41	2.4985
68	2.4995
51	2.5
52	2.501
36	2.5015
53	2.502
54	2.503
32	2.504
55	2.504
64	2.5045
56	2.505
57	2.506
69	2.506
58	2.507
59	2.508
60	2.509
93	2.511
12	2.5155
72	2.5165
79	2.5165
51	2.52
94	2.52
1	2.521
52	2.521
53	2.522
54	2.523
7	2.524
55	2.524
50	2.5245
56	2.525
57	2.526
49	2.5265
61	2.5265
58	2.527
88	2.5275
59	2.528
80	2.5285
60	2.529
10	2.5305
62	2.5305
78	2.532
89	2.5345
46	2.536
51	2.54
52	2.541
53	2.542
96	2.5425
54	2.543
34	2.5435
45	2.5435
55	2.544
56	2.545
57	2.546
58	2.547
85	2.5475
59	2.548
60	2.549
9	2.552
97	2.552
82	2.555
95	2.555
22	2.5575
33	2.5585
51	2.56
52	2.561
53	2.562
54	2.563
70	2.5635
55	2.564
56	2.565
76	2.5655
57	2.566
58	2.567
59	2.568
60	2.569
63	2.5705
4	2.5735
83	2.5735
93	2.576
41	2.578
71	2.579
1	2.58
2	2.58
51	2.58
98	2.58
52	2.581
29	2.5815
53	2.582
54	2.583
14	2.584
55	2.584
87	2.584
88	2.584
20	2.585
56	2.585
21	2.586
57	2.586
47	2.5865
58	2.587
11	2.5875
14	2.588
59	2.588
30	2.5885
44	2.589
60	2.589
64	2.589
24	2.5925
43	2.5945
100	2.595
86	2.596
25	2.5995
51	2.6
52	2.601
53	2.602
54	2.603
55	2.604
3	2.6045
50	2.605
56	2.605
57	2.606
52	2.6065
58	2.607
59	2.608
78	2.6085
60	2.609
32	2.61
94	2.61
68	2.6105
88	2.617
92	2.617
69	2.6185
96	2.6185
18	2.619
7	2.6195
51	2.62
40	2.621
52	2.621
53	2.622
93	2.6225
54	2.623
79	2.6235
55	2.624
18	2.6245
56	2.625
57	2.626
95	2.6265
58	2.627
59	2.628
18	2.629
60	2.629
33	2.6345
8	2.635
66	2.6355
12	2.6365
98	2.6365
73	2.6385
51	2.64
52	2.641
53	2.642
80	2.642
54	2.643
89	2.643
4	2.6435
55	2.644
85	2.6445
56	2.645
57	2.646
74	2.646
58	2.647
4	2.6475
59	2.648
62	2.6485
60	2.649
97	2.6495
76	2.6545
41	2.655
1	2.656
49	2.656
88	2.656
82	2.6595
51	2.66
52	2.661
53	2.662
54	2.663
55	2.664
56	2.665
57	2.666
58	2.667
59	2.668
94	2.668
60	2.669
96	2.672
36	2.6725
67	2.673
2	2.674
78	2.6745
28	2.6765
51	2.68
86	2.68
52	2.681
53	2.682
64	2.682
54	2.683
90	2.6835
55	2.684
32	2.685
56	2.685
57	2.686
58	2.687
59	2.688
60	2.689
42	2.691
3	2.6925
9	2.693
22	2.693
14	2.6935
44	2.698
50	2.698
6	2.6985
83	2.699
93	2.699
29	2.6995
51	2.7
88	2.7005
52	2.701
45	2.7015
53	2.702
54	2.703
55	2.704
56	2.705
52	2.706
57	2.706
58	2.707
59	2.708
63	2.7085
60	2.709
11	2.7115
27	2.7125
68	2.7165
7	2.718
79	2.7185
51	2.72
69	2.72
76	2.7205
52	2.721
53	2.722
95	2.7225
43	2.723
54	2.723
10	2.7235
55	2.724
56	2.725
57	2.726
94	2.726
58	2.727
46	2.7275
59	2.728
60	2.729
17	2.7295
98	2.7295
88	2.7305
72	2.735
8	2.7365
40	2.737
47	2.737
66	2.737
51	2.74
52	2.741
53	2.742
54	2.743
41	2.7435
55	2.744
1	2.7445
56	2.745
57	2.746
58	2.747
59	2.748
33	2.7485
60	2.749
85	2.749
20	2.75
64	2.75
86	2.7505
18	2.7515
80	2.7525
89	2.7525
18	2.7555
78	2.7555
97	2.7555
4	2.757
82	2.759
96	2.759
70	2.7595
51	2.76
18	2.7605
52	2.761
53	2.762
4	2.763
54	2.763
83	2.7635
55	2.764
56	2.765
2	2.7655
57	2.766
65	2.7665
58	2.767
71	2.7675
100	2.7675
59	2.768
60	2.769
62	2.7735
88	2.7735
49	2.774
87	2.774
12	2.775
94	2.776
44	2.777
32	2.779
9	2.7795
51	2.78
52	2.781
53	2.782
54	2.783
55	2.784
21	2.7845
56	2.785
25	2.7855
57	2.786
58	2.787
59	2.788
3	2.789
60	2.789
29	2.792
11	2.7955
79	2.7955
51	2.8
30	2.8005
52	2.801
76	2.801
93	2.8015
50	2.802
53	2.802
54	2.803
63	2.803
55	2.804
56	2.805
86	2.8055
57	2.806
90	2.8065
98	2.8065
58	2.807
85	2.807
59	2.808
60	2.809
41	2.8115
73	2.8115
10	2.814
39	2.8145
88	2.815
14	2.816
78	2.817
7	2.8175
83	2.8195
51	2.82
14	2.8205
61	2.8205
52	2.821
53	2.822
95	2.822
54	2.823
55	2.824
14	2.825
56	2.825
57	2.826
97	2.826
58	2.827
59	2.828
60	2.829
64	2.829
45	2.8315
1	2.8335
80	2.8365
69	2.8385
96	2.8385
51	2.84
52	2.841
53	2.842
54	2.843
55	2.844
56	2.845
57	2.846
58	2.847
59	2.848
34	2.8485
60	2.849
22	2.8505
44	2.8555
68	2.8565
88	2.8575
8	2.86
51	2.86
82	2.8605
52	2.861
53	2.862
54	2.863
55	2.864
67	2.864
56	2.865
57	2.866
58	2.867
2	2.868
17	2.868
59	2.868
93	2.868
60	2.869
32	2.8705
40	2.8705
33	2.8715
86	2.8755
4	2.8775
47	2.8775
94	2.8785
51	2.88
52	2.881
85	2.881
98	2.881
53	2.882
54	2.883
55	2.884
97	2.8845
56	2.885
57	2.886
76	2.886
58	2.887
62	2.887
59	2.888
60	2.889
9	2.8905
12	2.895
89	2.895
7	2.896
79	2.8965
88	2.8995
51	2.9
18	2.9005
52	2.901
41	2.9015
53	2.902
54	2.903
49	2.9035
64	2.9035
55	2.904
56	2.905
78	2.905
18	2.9055
50	2.906
57	2.906
58	2.907
59	2.908
11	2.9085
60	2.909
18	2.9095
1	2.915
14	2.9195
51	2.92
52	2.921
95	2.921
53	2.922
96	2.9225
54	2.923
25	2.9235
14	2.924
55	2.924
56	2.925
94	2.925
100	2.9255
57	2.926
58	2.927
42	2.928
59	2.928
60	2.929
66	2.929
4	2.9325
88	2.933
87	2.9335
83	2.936
73	2.9375
51	2.94
92	2.9405
52	2.941
3	2.9415
53	2.942
54	2.943
55	2.944
56	2.945
36	2.9455
57	2.946
58	2.947
59	2.948
60	2.949
80	2.949
10	2.9505
29	2.9505
82	2.9505
72	2.9565
15	2.9575
51	2.96
69	2.96
52	2.961
53	2.962
86	2.962
54	2.963
8	2.9635
55	2.964
56	2.965
57	2.966
53	2.9665
47	2.967
58	2.967
59	2.968
44	2.969
60	2.969
62	2.969
21	2.97
85	2.975
33	2.9755
97	2.9755
93	2.9785
32	2.9795
51	2.98
89	2.98
52	2.981
64	2.981
76	2.9815
53	2.982
54	2.983
7	2.984
41	2.984
55	2.984
56	2.985
88	2.9855
57	2.986
2	2.987
58	2.987
59	2.988
63	2.9885
60	2.989
50	2.991
98	2.9915
95	2.9925
4	2.993
12	2.9945
46	2.9975
1	3
51	3
52	3.001
53	3.002
54	3.003
55	3.004
56	3.005
86	3.005
57	3.006
96	3.006
58	3.007
78	3.007
11	3.0075
59	3.008
60	3.009
22	3.0095
45	3.0095
68	3.0105
88	3.0185
79	3.02
93	3.0205
43	3.0255
8	3.026
94	3.0265
17	3.032
85	3.0395
75	3.0415
80	3.045
66	3.05
3	3.0505
49	3.0525
6	3.056
6	3.0595
98	3.0625
9	3.065
90	3.0655
97	3.068
28	3.0705
34	3.0775
69	3.087
53	3.0875
67	3.1015
73	3.102
58	3.1045
76	3.1045
64	3.112
44	3.1135
40	3.1145
62	3.115
29	3.1165
30	3.117
2	3.122
32	3.122
95	3.126
50	3.129
41	3.1315
51	3.133
72	3.1345
85	3.145
18	3.146
15	3.147
55	3.1485
18	3.1495
25	3.156
33	3.1615
86	3.162
57	3.1635
1	3.166
94	3.166
78	3.167
83	3.1675
10	3.1685
98	3.173
88	3.178
79	3.1785
68	3.1905
89	3.1905
12	3.1985
21	3.1995
53	3.203
97	3.2045
36	3.205
53	3.2065
53	3.211
4	3.2275
14	3.2275
4	3.2315
22	3.2325
45	3.2325
19	3.236
76	3.239
95	3.239
49	3.2405
7	3.242
20	3.246
100	3.2465
65	3.248
86	3.252
11	3.2555
82	3.2575
69	3.259
96	3.261
62	3.2625
61	3.2635
42	3.274
50	3.274
64	3.276
2	3.2785
41	3.2815
60	3.2865
78	3.293
1	3.296
18	3.2965
3	3.2985
18	3.2995
47	3.3035
8	3.304
15	3.304
27	3.304
34	3.307
27	3.3085
56	3.311
94	3.311
44	3.313
85	3.315
12	3.316
54	3.3185
32	3.3195
25	3.327
97	3.329
70	3.331
14	3.3315
14	3.335
57	3.3385
67	3.343
72	3.344
30	3.3445
98	3.3445
52	3.345
52	3.3485
53	3.3485
88	3.3535
39	3.354
53	3.355
92	3.3555
95	3.3565
10	3.357
40	3.3575
66	3.364
2	3.3715
7	3.3715
43	3.3765
33	3.383
86	3.384
69	3.385
41	3.388
80	3.388
20	3.3885
50	3.395
11	3.396
9	3.403
88	3.4035
73	3.4045
51	3.406
98	3.4075
49	3.4085
62	3.412
8	3.413
79	3.415
96	3.4165
76	3.4175
58	3.4315
19	3.4355
63	3.437
25	3.441
28	3.4415
55	3.445
89	3.4465
68	3.4475
45	3.448
32	3.4485
83	3.4515
64	3.4545
20	3.455
78	3.4555
85	3.4555
52	3.4635
47	3.4715
88	3.4715
75	3.473
95	3.478
100	3.4805
54	3.481
21	3.483
53	3.4835
53	3.488
24	3.491
53	3.495
1	3.497
18	3.4985
59	3.4995
