13	0.031
48	0.0345
2	0.0815
3	0.086
22	0.094
92	0.097
6	0.099
52	0.107
72	0.111
53	0.115
16	0.1205
54	0.123
47	0.1335
55	0.134
56	0.137
30	0.139
46	0.1465
57	0.147
11	0.1525
58	0.161
59	0.163
52	0.164
52	0.169
60	0.169
53	0.172
48	0.173
54	0.18
61	0.182
42	0.1865
55	0.191
56	0.194
43	0.2005
41	0.204
57	0.204
45	0.214
58	0.218
59	0.22
24	0.2245
60	0.226
80	0.2265
69	0.2315
22	0.235
61	0.239
32	0.245
92	0.2465
6	0.248
33	0.255
38	0.259
38	0.2635
12	0.2645
85	0.2645
34	0.265
77	0.267
18	0.274
35	0.275
26	0.278
63	0.2785
36	0.285
90	0.2885
37	0.295
38	0.305
38	0.3095
39	0.315
91	0.3235
40	0.325
46	0.329
64	0.3315
85	0.332
41	0.335
62	0.3375
92	0.3555
11	0.381
52	0.386
1	0.3865
15	0.388
35	0.3885
52	0.39
53	0.394
54	0.402
55	0.413
92	0.415
56	0.416
59	0.4165
57	0.426
17	0.4325
2	0.439
58	0.44
59	0.442
60	0.448
44	0.4555
76	0.456
3	0.459
42	0.4595
61	0.461
30	0.467
67	0.467
4	0.469
85	0.472
32	0.4835
74	0.4865
5	0.487
6	0.499
92	0.499
64	0.5005
7	0.506
8	0.524
9	0.534
2	0.539
10	0.54
79	0.542
10	0.543
78	0.5465
11	0.554
16	0.564
55	0.582
44	0.5865
69	0.607
52	0.609
56	0.613
29	0.635
59	0.6455
65	0.649
4	0.6645
30	0.6675
92	0.668
22	0.6765
32	0.683
38	0.684
38	0.6875
49	0.692
2	0.702
5	0.702
45	0.703
60	0.704
63	0.713
43	0.714
48	0.717
3	0.722
21	0.7295
52	0.73
4	0.732
64	0.7365
53	0.738
19	0.7405
1	0.745
36	0.745
54	0.746
5	0.75
85	0.7565
55	0.757
31	0.7595
56	0.76
61	0.7615
6	0.762
7	0.769
57	0.77
33	0.7745
58	0.784
59	0.786
8	0.787
60	0.792
9	0.797
39	0.797
10	0.803
61	0.805
10	0.812
10	0.816
11	0.817
41	0.818
69	0.8345
64	0.8395
29	0.842
68	0.845
75	0.851
52	0.854
27	0.8655
42	0.881
32	0.884
33	0.894
66	0.8975
47	0.9015
34	0.904
35	0.914
36	0.924
37	0.934
85	0.938
4	0.9385
38	0.944
38	0.947
38	0.9535
39	0.954
40	0.964
68	0.9655
41	0.974
95	0.9815
23	0.984
75	0.9845
24	0.985
46	0.988
2	0.989
2	1.008
3	1.009
32	1.014
4	1.019
33	1.024
3	1.028
34	1.034
5	1.037
91	1.037
1	1.038
4	1.038
85	1.0435
35	1.044
40	1.045
76	1.047
6	1.049
36	1.054
5	1.056
7	1.056
37	1.064
6	1.068
19	1.068
55	1.0695
68	1.0725
8	1.074
38	1.074
7	1.075
38	1.0765
9	1.084
39	1.084
10	1.09
92	1.091
8	1.093
40	1.094
10	1.0945
62	1.098
30	1.1005
9	1.103
11	1.104
41	1.104
27	1.106
10	1.109
2	1.113
48	1.113
11	1.123
3	1.133
85	1.1415
4	1.143
91	1.145
57	1.1475
61	1.148
34	1.1525
14	1.1545
5	1.161
33	1.169
6	1.173
82	1.174
7	1.18
8	1.198
52	1.204
9	1.208
53	1.212
75	1.213
10	1.214
54	1.22
11	1.228
1	1.2285
55	1.231
56	1.234
57	1.244
58	1.2515
58	1.258
59	1.26
60	1.266
71	1.2675
38	1.269
32	1.271
61	1.279
44	1.2805
33	1.281
34	1.291
91	1.2995
35	1.301
36	1.311
37	1.321
38	1.331
90	1.3315
70	1.332
38	1.335
32	1.339
39	1.341
14	1.342
55	1.3485
33	1.349
69	1.349
40	1.351
79	1.351
50	1.3545
34	1.359
41	1.361
22	1.3675
35	1.369
82	1.3705
63	1.376
36	1.379
20	1.3825
68	1.3865
37	1.389
64	1.3955
16	1.397
38	1.399
13	1.3995
38	1.404
39	1.409
26	1.4175
40	1.419
41	1.429
66	1.4295
92	1.4355
75	1.4375
32	1.464
63	1.472
33	1.474
73	1.482
34	1.484
35	1.494
36	1.504
18	1.507
2	1.514
37	1.514
38	1.524
85	1.5325
3	1.534
39	1.534
4	1.544
40	1.544
80	1.5465
41	1.554
31	1.5565
77	1.557
5	1.562
55	1.57
6	1.574
60	1.5805
7	1.581
94	1.582
61	1.5915
8	1.599
26	1.6005
9	1.609
48	1.6145
10	1.615
91	1.6185
10	1.6205
85	1.6215
10	1.626
11	1.629
92	1.6385
52	1.646
76	1.647
52	1.649
53	1.654
67	1.655
79	1.656
54	1.662
71	1.665
29	1.668
17	1.672
55	1.673
56	1.676
2	1.68
82	1.682
77	1.6845
57	1.686
1	1.6915
18	1.6995
3	1.7
58	1.7
59	1.702
60	1.708
4	1.71
61	1.721
75	1.727
5	1.728
32	1.738
6	1.74
7	1.747
33	1.748
34	1.758
80	1.764
8	1.765
35	1.768
9	1.775
36	1.778
10	1.781
2	1.7815
10	1.7845
37	1.788
79	1.7945
11	1.795
38	1.798
62	1.798
67	1.7985
27	1.7995
38	1.8035
92	1.8035
39	1.808
40	1.818
41	1.828
56	1.8285
74	1.8435
72	1.846
17	1.8515
4	1.862
42	1.8625
30	1.863
2	1.864
31	1.8685
32	1.871
85	1.878
33	1.881
3	1.884
34	1.891
4	1.894
49	1.8975
35	1.901
16	1.9095
36	1.911
5	1.912
20	1.919
37	1.921
6	1.924
2	1.925
7	1.931
38	1.931
90	1.9355
23	1.94
39	1.941
3	1.945
78	1.946
8	1.949
40	1.951
4	1.955
26	1.9585
9	1.959
41	1.961
92	1.963
10	1.965
10	1.9685
53	1.9685
1	1.97
74	1.9725
5	1.973
47	1.9735
11	1.979
14	1.983
6	1.985
70	1.988
62	1.9895
7	1.992
51	1.9965
8	2.01
46	2.015
13	2.0185
9	2.02
15	2.0225
21	2.0225
10	2.026
68	2.0375
76	2.038
11	2.04
31	2.04
52	2.049
53	2.057
66	2.0585
54	2.065
18	2.07
82	2.0705
43	2.075
55	2.076
56	2.079
25	2.0815
92	2.0835
57	2.089
58	2.103
59	2.105
4	2.1105
60	2.111
61	2.124
75	2.13
77	2.1325
41	2.1515
30	2.152
37	2.157
78	2.179
24	2.193
52	2.195
1	2.2005
53	2.203
52	2.208
54	2.211
53	2.216
58	2.221
55	2.222
54	2.224
56	2.225
15	2.2255
67	2.23
55	2.235
57	2.235
56	2.238
57	2.248
58	2.249
59	2.251
60	2.257
58	2.262
59	2.264
79	2.267
60	2.27
61	2.27
2	2.278
3	2.282
61	2.283
3	2.298
82	2.3
4	2.301
76	2.302
4	2.308
34	2.3115
5	2.326
6	2.338
14	2.339
24	2.344
42	2.3445
7	2.345
15	2.347
8	2.363
85	2.364
9	2.373
41	2.377
10	2.379
10	2.3835
29	2.3845
28	2.391
56	2.391
11	2.393
43	2.4035
66	2.4215
24	2.4485
31	2.4535
92	2.457
25	2.4655
2	2.468
21	2.47
52	2.482
3	2.488
53	2.49
9	2.4945
4	2.498
54	2.498
55	2.509
56	2.512
5	2.516
57	2.522
6	2.528
32	2.531
7	2.535
58	2.536
59	2.538
52	2.54
32	2.543
60	2.544
53	2.548
8	2.553
33	2.553
54	2.556
61	2.557
75	2.562
9	2.563
34	2.563
19	2.5635
37	2.5655
55	2.567
10	2.569
56	2.57
10	2.5725
35	2.573
57	2.58
11	2.583
36	2.583
80	2.5865
37	2.593
58	2.594
59	2.596
60	2.602
38	2.603
38	2.607
39	2.613
61	2.615
45	2.618
40	2.623
2	2.63
41	2.633
14	2.641
51	2.6425
74	2.6435
42	2.695
85	2.703
92	2.7165
12	2.7245
4	2.7375
24	2.748
47	2.751
68	2.765
37	2.7675
8	2.768
2	2.769
62	2.7765
77	2.7775
78	2.786
3	2.789
32	2.794
4	2.799
40	2.803
33	2.804
39	2.804
21	2.8065
34	2.814
5	2.817
35	2.824
6	2.829
36	2.834
7	2.836
31	2.842
37	2.844
8	2.854
38	2.854
60	2.857
38	2.8585
9	2.864
39	2.864
38	2.8645
10	2.87
40	2.874
22	2.877
11	2.884
41	2.884
74	2.9175
58	2.921
16	2.9245
82	2.9295
32	2.931
33	2.941
42	2.9435
63	2.944
2	2.948
5	2.9495
34	2.951
53	2.956
26	2.96
35	2.961
36	2.971
51	2.973
78	2.974
64	2.977
37	2.981
38	2.991
43	2.991
2	2.992
38	2.996
38	2.9995
39	3.001
92	3.0015
40	3.011
3	3.012
40	3.015
19	3.016
41	3.021
4	3.022
5	3.04
47	3.042
20	3.0465
6	3.052
77	3.054
7	3.059
23	3.0645
14	3.067
8	3.077
9	3.087
10	3.093
10	3.0965
10	3.101
11	3.107
53	3.1115
63	3.13
71	3.1375
36	3.144
43	3.1475
13	3.1555
52	3.156
52	3.161
92	3.163
53	3.164
42	3.1675
62	3.17
54	3.172
55	3.183
56	3.186
22	3.192
57	3.196
68	3.1965
45	3.2035
58	3.21
59	3.212
77	3.212
60	3.218
61	3.231
32	3.232
52	3.24
33	3.242
76	3.242
11	3.2445
52	3.2455
53	3.248
34	3.252
54	3.2555
54	3.256
35	3.262
32	3.263
21	3.2665
55	3.267
56	3.27
36	3.272
33	3.273
57	3.28
6	3.282
37	3.282
34	3.283
38	3.292
35	3.293
58	3.294
38	3.296
59	3.296
20	3.301
39	3.302
60	3.302
36	3.303
2	3.308
79	3.3115
40	3.312
37	3.313
61	3.315
90	3.318
41	3.322
38	3.323
43	3.327
75	3.331
39	3.333
50	3.3385
40	3.343
78	3.3495
41	3.353
47	3.3585
76	3.368
35	3.3725
92	3.3785
51	3.3895
69	3.4195
22	3.421
64	3.427
23	3.4505
70	3.459
26	3.4945
14	3.499
