32	0.001
32	0.004
52	0.006
25	0.0105
95	0.0135
32	0.016
33	0.016
53	0.017
2	0.019
33	0.019
12	0.02
54	0.021
2	0.022
13	0.022
3	0.023
12	0.024
14	0.024
3	0.026
13	0.026
15	0.026
14	0.028
16	0.028
4	0.029
34	0.029
15	0.03
17	0.03
33	0.031
4	0.032
5	0.032
16	0.032
18	0.032
34	0.032
60	0.032
70	0.033
17	0.034
19	0.034
93	0.0345
5	0.035
6	0.035
18	0.036
20	0.036
6	0.038
19	0.038
21	0.038
55	0.039
20	0.04
8	0.0415
21	0.042
34	0.044
99	0.0475
35	0.048
52	0.048
56	0.049
35	0.051
22	0.052
7	0.054
7	0.057
36	0.059
53	0.059
32	0.06
84	0.06
23	0.062
36	0.062
35	0.063
54	0.063
57	0.064
37	0.066
11	0.0665
8	0.067
22	0.067
58	0.068
37	0.069
8	0.07
24	0.072
22	0.074
36	0.074
52	0.074
33	0.075
59	0.076
1	0.077
23	0.077
95	0.0785
38	0.079
12	0.081
37	0.081
55	0.081
9	0.082
25	0.082
38	0.082
13	0.083
23	0.084
9	0.085
14	0.085
53	0.085
15	0.087
24	0.087
2	0.088
34	0.088
16	0.089
54	0.089
2	0.09
17	0.091
56	0.091
60	0.091
3	0.092
26	0.092
52	0.092
62	0.092
18	0.093
3	0.094
10	0.094
24	0.094
38	0.094
19	0.095
28	0.096
32	0.096
39	0.096
10	0.097
20	0.097
25	0.097
4	0.098
21	0.099
39	0.099
61	0.099
4	0.1
5	0.101
27	0.102
5	0.103
53	0.103
6	0.104
11	0.104
25	0.104
40	0.105
6	0.106
57	0.106
11	0.107
26	0.107
35	0.107
54	0.107
55	0.107
40	0.108
58	0.11
92	0.11
33	0.111
39	0.111
41	0.111
52	0.111
28	0.112
26	0.114
41	0.114
27	0.117
56	0.117
36	0.118
59	0.118
40	0.12
29	0.122
32	0.122
47	0.122
53	0.122
7	0.123
12	0.124
27	0.124
34	0.124
7	0.125
37	0.125
55	0.125
12	0.126
13	0.126
41	0.126
54	0.126
28	0.127
13	0.128
14	0.128
14	0.13
15	0.13
15	0.132
16	0.132
30	0.132
57	0.132
60	0.133
68	0.133
16	0.134
17	0.134
28	0.134
79	0.1345
2	0.135
56	0.135
8	0.136
17	0.136
18	0.136
22	0.136
58	0.136
93	0.136
12	0.137
29	0.137
33	0.137
8	0.138
18	0.138
19	0.138
38	0.138
81	0.138
3	0.139
13	0.139
19	0.14
20	0.14
14	0.141
61	0.141
20	0.142
21	0.142
31	0.142
15	0.143
35	0.143
21	0.144
29	0.144
55	0.144
59	0.144
61	0.1445
4	0.145
16	0.145
23	0.146
17	0.147
30	0.147
5	0.148
22	0.148
18	0.149
22	0.149
34	0.15
57	0.15
6	0.151
9	0.151
19	0.151
32	0.151
9	0.153
20	0.153
30	0.154
36	0.154
56	0.154
58	0.154
21	0.155
22	0.155
39	0.155
24	0.156
31	0.157
23	0.158
23	0.159
60	0.159
12	0.16
43	0.16
37	0.161
13	0.162
52	0.162
59	0.162
10	0.163
14	0.164
31	0.164
40	0.164
10	0.165
23	0.165
15	0.166
22	0.166
25	0.166
33	0.166
61	0.167
16	0.168
24	0.168
24	0.169
35	0.169
57	0.169
7	0.17
17	0.17
41	0.17
18	0.172
11	0.173
53	0.173
58	0.173
84	0.173
19	0.174
38	0.174
11	0.175
24	0.175
20	0.176
23	0.176
26	0.176
92	0.1765
54	0.177
60	0.177
21	0.178
25	0.178
25	0.179
34	0.179
99	0.1795
32	0.18
36	0.18
59	0.181
2	0.183
8	0.183
25	0.185
61	0.185
69	0.1855
24	0.186
27	0.186
3	0.187
22	0.187
37	0.187
26	0.188
26	0.189
63	0.1895
39	0.191
4	0.193
26	0.195
33	0.195
55	0.195
5	0.196
25	0.196
28	0.196
60	0.196
23	0.197
9	0.198
27	0.198
35	0.198
6	0.199
27	0.199
95	0.1995
38	0.2
40	0.2
2	0.201
32	0.202
61	0.204
64	0.204
3	0.205
27	0.205
56	0.205
26	0.206
29	0.206
41	0.206
24	0.207
28	0.208
34	0.208
28	0.209
36	0.209
10	0.21
4	0.211
5	0.214
28	0.215
32	0.215
27	0.216
30	0.216
37	0.216
6	0.217
25	0.217
33	0.217
39	0.217
7	0.218
29	0.218
22	0.219
29	0.219
11	0.22
57	0.22
12	0.223
22	0.224
58	0.224
13	0.225
29	0.225
12	0.226
28	0.226
31	0.226
40	0.226
14	0.227
26	0.227
35	0.227
12	0.228
13	0.228
30	0.228
15	0.229
23	0.229
30	0.229
38	0.229
13	0.23
14	0.23
33	0.23
34	0.23
8	0.231
16	0.231
14	0.232
15	0.232
41	0.232
59	0.232
17	0.233
15	0.234
16	0.234
23	0.234
18	0.235
30	0.235
7	0.236
16	0.236
17	0.236
29	0.236
19	0.237
27	0.237
93	0.237
17	0.238
18	0.238
31	0.238
36	0.238
20	0.239
24	0.239
31	0.239
18	0.24
19	0.24
21	0.241
19	0.242
20	0.242
34	0.243
20	0.244
21	0.244
24	0.244
32	0.244
31	0.245
37	0.245
9	0.246
21	0.246
30	0.246
39	0.246
28	0.247
60	0.247
22	0.248
8	0.249
25	0.249
35	0.249
2	0.251
22	0.252
25	0.254
3	0.255
40	0.255
61	0.255
31	0.256
29	0.257
10	0.258
23	0.258
38	0.258
26	0.259
33	0.259
61	0.259
36	0.26
4	0.261
41	0.261
23	0.262
35	0.262
2	0.263
5	0.264
9	0.264
26	0.264
3	0.267
6	0.267
30	0.267
37	0.267
11	0.268
24	0.268
27	0.269
84	0.271
24	0.272
34	0.272
11	0.2725
4	0.273
36	0.273
27	0.274
39	0.275
5	0.276
10	0.276
31	0.277
25	0.278
6	0.279
28	0.279
37	0.28
38	0.28
25	0.282
28	0.284
40	0.284
7	0.286
11	0.286
26	0.288
29	0.289
41	0.29
35	0.291
26	0.292
38	0.293
50	0.2935
29	0.294
39	0.297
7	0.298
27	0.298
8	0.299
30	0.299
27	0.302
36	0.302
95	0.3035
30	0.304
12	0.306
40	0.306
13	0.308
28	0.308
31	0.309
37	0.309
14	0.31
39	0.31
8	0.311
72	0.311
15	0.312
28	0.312
41	0.312
9	0.314
16	0.314
31	0.314
73	0.3155
17	0.316
18	0.318
29	0.318
40	0.319
2	0.32
19	0.32
93	0.321
20	0.322
29	0.322
38	0.322
3	0.324
21	0.324
41	0.325
9	0.326
10	0.326
32	0.327
30	0.328
80	0.3285
4	0.33
30	0.332
5	0.333
6	0.336
11	0.336
52	0.336
10	0.338
31	0.338
39	0.339
47	0.339
52	0.339
31	0.342
33	0.342
53	0.347
11	0.348
40	0.348
32	0.35
53	0.35
54	0.351
81	0.3515
41	0.354
54	0.354
7	0.355
34	0.355
2	0.357
3	0.361
32	0.362
22	0.363
33	0.365
4	0.367
12	0.367
8	0.368
13	0.369
55	0.369
5	0.37
14	0.371
52	0.372
55	0.372
92	0.3725
6	0.373
15	0.373
23	0.373
35	0.374
16	0.375
17	0.377
33	0.377
34	0.378
18	0.379
56	0.379
19	0.381
22	0.381
56	0.382
1	0.3825
9	0.383
20	0.383
24	0.383
53	0.383
21	0.385
36	0.385
54	0.387
95	0.3885
32	0.389
34	0.39
22	0.391
23	0.391
2	0.392
7	0.392
37	0.392
52	0.392
25	0.393
57	0.394
10	0.395
3	0.396
35	0.397
57	0.397
58	0.398
23	0.401
24	0.401
58	0.401
4	0.402
32	0.402
52	0.402
26	0.403
53	0.403
61	0.403
33	0.404
5	0.405
8	0.405
11	0.405
12	0.405
38	0.405
55	0.405
59	0.406
61	0.4065
13	0.407
54	0.407
6	0.408
36	0.408
14	0.409
35	0.409
59	0.409
15	0.411
24	0.411
25	0.411
16	0.413
27	0.413
53	0.413
17	0.415
37	0.415
52	0.415
56	0.415
18	0.417
33	0.417
34	0.417
54	0.417
19	0.419
9	0.42
36	0.42
20	0.421
25	0.421
26	0.421
60	0.421
39	0.422
21	0.423
28	0.423
60	0.424
55	0.425
53	0.426
7	0.427
37	0.427
38	0.428
61	0.429
34	0.43
54	0.43
57	0.43
26	0.431
27	0.431
40	0.431
61	0.4315
10	0.432
61	0.432
29	0.433
58	0.434
55	0.435
56	0.435
35	0.436
41	0.437
8	0.44
38	0.44
27	0.441
28	0.441
11	0.442
59	0.442
30	0.443
39	0.445
56	0.445
12	0.446
36	0.447
13	0.448
55	0.448
35	0.449
14	0.45
57	0.45
28	0.451
29	0.451
15	0.452
31	0.453
16	0.454
37	0.454
40	0.454
58	0.454
9	0.455
17	0.456
39	0.457
60	0.457
18	0.458
56	0.458
19	0.46
36	0.46
41	0.46
57	0.46
29	0.461
30	0.461
20	0.462
59	0.462
50	0.4625
93	0.4635
21	0.464
58	0.464
61	0.465
40	0.466
10	0.467
22	0.467
37	0.467
38	0.467
22	0.468
30	0.471
31	0.471
22	0.472
41	0.472
52	0.472
59	0.472
57	0.473
11	0.477
23	0.477
58	0.477
60	0.477
23	0.478
38	0.48
31	0.481
23	0.482
81	0.4825
53	0.483
39	0.484
59	0.485
61	0.485
24	0.487
54	0.487
60	0.487
62	0.4875
24	0.488
73	0.4915
22	0.492
24	0.492
40	0.493
61	0.495
25	0.497
39	0.497
25	0.498
41	0.499
60	0.5
23	0.502
25	0.502
55	0.505
32	0.506
40	0.506
26	0.507
26	0.508
61	0.508
24	0.512
26	0.512
41	0.512
84	0.512
65	0.5135
52	0.514
56	0.515
27	0.517
27	0.518
22	0.519
33	0.521
25	0.522
27	0.522
53	0.525
28	0.527
28	0.528
23	0.529
54	0.529
12	0.53
57	0.53
22	0.531
13	0.532
26	0.532
28	0.532
14	0.534
34	0.534
58	0.534
12	0.536
15	0.536
77	0.536
29	0.537
13	0.538
16	0.538
29	0.538
24	0.539
14	0.54
17	0.54
23	0.541
81	0.5415
15	0.542
18	0.542
27	0.542
29	0.542
59	0.542
16	0.544
19	0.544
17	0.546
20	0.546
30	0.547
55	0.547
2	0.548
18	0.548
21	0.548
30	0.548
25	0.549
19	0.55
24	0.551
3	0.552
20	0.552
28	0.552
30	0.552
12	0.553
35	0.553
21	0.554
13	0.555
14	0.557
31	0.557
32	0.557
56	0.557
60	0.557
4	0.558
31	0.558
15	0.559
26	0.559
5	0.561
16	0.561
25	0.561
29	0.562
31	0.562
2	0.563
17	0.563
6	0.564
36	0.564
18	0.565
61	0.565
3	0.567
19	0.567
32	0.567
20	0.569
27	0.569
61	0.569
74	0.569
21	0.571
26	0.571
37	0.571
30	0.572
33	0.572
57	0.572
4	0.573
5	0.576
58	0.576
99	0.577
10	0.5785
6	0.579
28	0.579
27	0.581
31	0.582
33	0.582
7	0.583
93	0.5835
38	0.584
52	0.584
59	0.584
34	0.585
2	0.588
52	0.588
29	0.589
32	0.59
28	0.591
76	0.591
2	0.592
3	0.592
95	0.5925
34	0.595
53	0.595
3	0.596
8	0.596
4	0.598
7	0.598
30	0.599
53	0.599
54	0.599
60	0.599
5	0.601
29	0.601
39	0.601
4	0.602
52	0.603
54	0.603
6	0.604
35	0.604
5	0.605
33	0.605
81	0.6065
61	0.607
6	0.608
22	0.608
31	0.609
52	0.609
40	0.61
8	0.611
9	0.611
30	0.611
35	0.614
53	0.614
36	0.615
41	0.616
55	0.617
23	0.618
34	0.618
54	0.618
47	0.6185
53	0.62
22	0.621
31	0.621
55	0.621
37	0.622
7	0.623
10	0.623
22	0.623
32	0.624
54	0.624
64	0.6245
2	0.625
36	0.625
9	0.626
7	0.627
52	0.627
56	0.627
24	0.628
32	0.628
49	0.6285
3	0.629
23	0.631
56	0.631
37	0.632
11	0.633
22	0.633
23	0.633
4	0.635
38	0.635
8	0.636
55	0.636
32	0.637
35	0.637
5	0.638
10	0.638
25	0.638
53	0.638
33	0.639
8	0.64
6	0.641
24	0.641
54	0.642
55	0.642
57	0.642
23	0.643
24	0.643
33	0.643
38	0.645
56	0.646
57	0.646
58	0.646
79	0.647
11	0.648
26	0.648
36	0.648
58	0.65
9	0.651
25	0.651
33	0.652
34	0.652
39	0.652
56	0.652
24	0.653
25	0.653
59	0.654
9	0.655
37	0.655
34	0.656
12	0.657
27	0.658
44	0.658
59	0.658
13	0.659
7	0.66
55	0.66
14	0.661
26	0.661
40	0.661
52	0.661
57	0.661
39	0.662
10	0.663
15	0.663
25	0.663
26	0.663
16	0.665
22	0.665
34	0.665
58	0.665
78	0.6655
10	0.667
17	0.667
41	0.667
57	0.667
28	0.668
38	0.668
18	0.669
60	0.669
2	0.67
56	0.67
19	0.671
27	0.671
35	0.671
40	0.671
58	0.671
53	0.672
8	0.673
11	0.673
20	0.673
26	0.673
27	0.673
59	0.673
60	0.673
91	0.6735
3	0.674
21	0.675
22	0.675
23	0.675
35	0.675
54	0.676
11	0.677
41	0.677
61	0.677
29	0.678
59	0.679
4	0.68
61	0.68
28	0.681
61	0.681
32	0.682
36	0.682
5	0.683
27	0.683
28	0.683
35	0.684
23	0.685
24	0.685
39	0.685
57	0.685
6	0.686
36	0.686
32	0.687
9	0.688
30	0.688
60	0.688
37	0.689
58	0.689
32	0.69
29	0.691
50	0.6925
28	0.693
29	0.693
37	0.693
40	0.694
55	0.694
60	0.694
24	0.695
25	0.695
36	0.695
61	0.696
33	0.697
59	0.697
31	0.698
10	0.7
41	0.7
30	0.701
92	0.7015
33	0.702
37	0.702
38	0.702
61	0.702
29	0.703
30	0.703
56	0.704
7	0.705
25	0.705
26	0.705
33	0.705
38	0.706
12	0.708
11	0.71
13	0.71
34	0.71
52	0.71
93	0.71
31	0.711
32	0.711
14	0.712
22	0.712
60	0.712
2	0.713
30	0.713
31	0.713
15	0.714
26	0.715
27	0.715
34	0.715
38	0.715
16	0.716
3	0.717
8	0.718
17	0.718
34	0.718
39	0.719
57	0.719
18	0.72
61	0.72
53	0.721
19	0.722
23	0.722
4	0.723
31	0.723
39	0.723
58	0.723
20	0.724
27	0.725
28	0.725
54	0.725
5	0.726
21	0.726
33	0.726
52	0.727
40	0.728
6	0.729
35	0.729
22	0.73
59	0.731
24	0.732
39	0.732
40	0.732
9	0.733
35	0.734
41	0.734
28	0.735
29	0.735
95	0.736
35	0.737
41	0.738
53	0.738
34	0.739
23	0.74
36	0.74
40	0.741
25	0.742
54	0.742
55	0.743
2	0.744
10	0.745
29	0.745
30	0.745
36	0.745
60	0.746
37	0.747
41	0.747
3	0.748
7	0.748
36	0.748
32	0.749
24	0.75
52	0.751
26	0.752
37	0.752
56	0.753
4	0.754
61	0.754
11	0.755
30	0.755
31	0.755
37	0.755
5	0.757
35	0.758
72	0.7595
6	0.76
25	0.76
38	0.76
55	0.76
8	0.761
27	0.762
53	0.762
84	0.7635
33	0.764
31	0.765
38	0.765
54	0.766
38	0.768
57	0.768
36	0.769
26	0.77
56	0.77
32	0.771
28	0.772
58	0.772
9	0.776
37	0.776
34	0.777
39	0.777
7	0.779
22	0.779
27	0.78
59	0.78
29	0.782
39	0.782
55	0.784
39	0.785
57	0.785
74	0.7855
33	0.786
40	0.786
10	0.788
23	0.789
38	0.789
58	0.789
28	0.79
32	0.791
40	0.791
8	0.792
30	0.792
41	0.792
40	0.794
56	0.794
60	0.795
35	0.796
41	0.797
59	0.797
11	0.798
24	0.799
34	0.799
93	0.7995
29	0.8
41	0.8
31	0.802
61	0.803
92	0.8035
12	0.806
33	0.806
39	0.806
9	0.807
36	0.807
13	0.808
25	0.809
57	0.809
14	0.81
30	0.81
15	0.812
60	0.812
58	0.813
2	0.814
16	0.814
37	0.814
40	0.815
17	0.816
3	0.818
18	0.818
35	0.818
10	0.819
26	0.819
34	0.819
19	0.82
31	0.82
61	0.82
41	0.821
59	0.821
20	0.822
4	0.824
21	0.824
5	0.827
38	0.827
11	0.829
27	0.829
36	0.829
6	0.83
37	0.836
60	0.836
35	0.838
28	0.839
2	0.841
39	0.844
61	0.844
3	0.845
2	0.846
2	0.848
7	0.849
29	0.849
36	0.849
38	0.849
3	0.85
4	0.851
3	0.852
77	0.8525
40	0.853
5	0.854
22	0.855
4	0.856
37	0.856
6	0.857
4	0.858
5	0.859
30	0.859
41	0.859
32	0.86
5	0.861
6	0.862
8	0.862
23	0.8625
6	0.864
12	0.864
22	0.864
23	0.865
13	0.866
39	0.866
14	0.868
31	0.869
38	0.869
95	0.869
15	0.87
16	0.872
12	0.874
17	0.874
23	0.874
24	0.875
33	0.875
40	0.875
7	0.876
13	0.876
18	0.876
9	0.877
14	0.878
19	0.878
15	0.88
20	0.88
7	0.881
12	0.881
41	0.881
16	0.882
21	0.882
7	0.883
13	0.883
2	0.884
17	0.884
24	0.884
93	0.884
14	0.885
25	0.885
52	0.885
18	0.886
39	0.886
15	0.887
3	0.888
19	0.888
34	0.888
8	0.889
10	0.889
16	0.889
20	0.89
99	0.89
17	0.891
21	0.892
18	0.893
4	0.894
8	0.894
25	0.894
19	0.895
26	0.895
40	0.895
8	0.896
53	0.896
5	0.897
20	0.897
11	0.899
21	0.899
6	0.9
54	0.9
12	0.901
41	0.901
13	0.903
9	0.904
26	0.904
52	0.904
14	0.905
27	0.905
15	0.907
35	0.907
9	0.909
16	0.909
9	0.911
17	0.911
18	0.913
27	0.914
19	0.915
28	0.915
53	0.915
10	0.916
12	0.917
20	0.917
36	0.918
55	0.918
7	0.919
13	0.919
21	0.919
54	0.919
10	0.921
14	0.921
10	0.923
15	0.923
28	0.924
16	0.925
29	0.925
37	0.925
11	0.926
17	0.927
56	0.928
18	0.929
11	0.931
19	0.931
8	0.932
2	0.933
11	0.933
20	0.933
29	0.934
21	0.935
30	0.935
3	0.937
55	0.937
1	0.9375
22	0.938
38	0.938
22	0.941
4	0.943
57	0.943
69	0.9435
30	0.944
31	0.945
5	0.946
9	0.947
56	0.947
58	0.947
23	0.948
6	0.949
23	0.951
32	0.951
31	0.954
39	0.955
59	0.955
24	0.958
32	0.958
10	0.959
22	0.959
24	0.961
57	0.962
12	0.964
40	0.964
13	0.966
33	0.966
58	0.966
52	0.967
95	0.9675
7	0.968
14	0.968
25	0.968
11	0.969
23	0.969
93	0.969
15	0.97
41	0.97
60	0.97
25	0.971
16	0.972
33	0.973
17	0.974
59	0.974
2	0.975
18	0.976
19	0.978
26	0.978
53	0.978
61	0.978
3	0.979
24	0.979
34	0.979
20	0.98
8	0.981
12	0.981
26	0.981
21	0.982
54	0.982
61	0.982
13	0.983
4	0.985
14	0.985
22	0.985
34	0.986
15	0.987
5	0.988
27	0.988
16	0.989
25	0.989
32	0.989
60	0.989
6	0.991
17	0.991
27	0.991
18	0.993
19	0.995
23	0.995
9	0.996
52	0.996
20	0.997
61	0.997
28	0.998
35	0.998
21	0.999
26	0.999
55	1
84	1
28	1.001
32	1.002
33	1.004
24	1.005
35	1.005
53	1.007
10	1.008
29	1.008
27	1.009
36	1.009
7	1.01
56	1.01
29	1.011
54	1.011
25	1.015
36	1.016
37	1.016
33	1.017
34	1.017
11	1.018
30	1.018
99	1.018
28	1.019
2	1.021
30	1.021
8	1.023
37	1.023
3	1.025
26	1.025
57	1.025
31	1.028
2	1.029
29	1.029
38	1.029
55	1.029
58	1.029
22	1.03
34	1.03
4	1.031
31	1.031
32	1.032
3	1.033
5	1.034
27	1.035
35	1.036
38	1.036
6	1.037
59	1.037
9	1.038
2	1.039
4	1.039
30	1.039
56	1.039
23	1.04
59	1.0415
5	1.042
3	1.043
6	1.045
28	1.045
39	1.046
33	1.047
36	1.047
67	1.0475
4	1.049
31	1.049
35	1.049
10	1.05
24	1.05
95	1.051
5	1.052
60	1.052
39	1.053
93	1.0535
37	1.054
57	1.054
48	1.0545
70	1.0545
6	1.055
29	1.055
40	1.055
7	1.056
58	1.058
2	1.06
11	1.06
25	1.06
34	1.06
36	1.06
61	1.06
12	1.061
41	1.061
52	1.061
40	1.062
13	1.063
3	1.064
7	1.064
14	1.065
30	1.065
12	1.066
59	1.066
15	1.067
37	1.067
38	1.067
52	1.067
13	1.068
41	1.068
8	1.069
16	1.069
4	1.07
14	1.07
26	1.07
17	1.071
15	1.072
53	1.072
5	1.073
18	1.073
7	1.074
16	1.074
19	1.075
31	1.075
32	1.075
6	1.076
17	1.076
52	1.076
54	1.076
8	1.077
20	1.077
18	1.078
53	1.078
21	1.079
35	1.079
19	1.08
27	1.08
38	1.08
12	1.081
60	1.081
20	1.082
54	1.082
13	1.083
9	1.084
21	1.084
39	1.084
14	1.085
8	1.087
15	1.087
32	1.087
52	1.087
53	1.087
16	1.089
61	1.089
12	1.09
28	1.09
33	1.09
36	1.09
17	1.091
54	1.091
9	1.092
13	1.092
18	1.093
40	1.093
14	1.094
22	1.094
55	1.094
7	1.095
19	1.095
2	1.096
10	1.096
15	1.096
20	1.097
37	1.097
39	1.097
16	1.098
53	1.098
12	1.099
21	1.099
41	1.099
77	1.099
69	1.0995
3	1.1
17	1.1
29	1.1
55	1.1
13	1.101
9	1.102
18	1.102
33	1.102
54	1.102
14	1.103
34	1.103
10	1.104
19	1.104
23	1.104
32	1.104
56	1.104
15	1.105
4	1.106
11	1.106
20	1.106
40	1.106
16	1.107
52	1.107
84	1.107
8	1.108
21	1.108
32	1.108
5	1.109
17	1.109
22	1.109
55	1.109
30	1.11
38	1.11
56	1.11
18	1.111
6	1.112
41	1.112
19	1.113
10	1.114
11	1.114
24	1.114
20	1.115
34	1.115
21	1.117
53	1.118
23	1.119
33	1.119
56	1.119
57	1.119
31	1.12
55	1.12
35	1.122
54	1.122
9	1.123
33	1.123
58	1.123
11	1.124
25	1.124
57	1.125
39	1.127
24	1.129
58	1.129
22	1.13
32	1.13
56	1.13
7	1.131
59	1.131
34	1.132
36	1.133
26	1.134
35	1.134
57	1.134
10	1.135
34	1.136
40	1.136
59	1.137
58	1.138
25	1.139
23	1.14
37	1.14
52	1.14
55	1.14
41	1.142
8	1.144
27	1.144
11	1.145
33	1.145
36	1.145
57	1.145
59	1.146
60	1.146
93	1.1475
26	1.149
58	1.149
24	1.15
56	1.15
35	1.151
53	1.151
37	1.152
60	1.152
12	1.153
38	1.153
28	1.154
61	1.154
13	1.155
35	1.155
54	1.155
14	1.157
59	1.157
12	1.158
34	1.158
61	1.158
2	1.159
9	1.159
15	1.159
27	1.159
13	1.16
25	1.16
61	1.16
16	1.161
52	1.161
60	1.161
14	1.162
36	1.162
3	1.163
17	1.163
15	1.164
29	1.164
18	1.165
38	1.165
57	1.165
16	1.166
36	1.166
19	1.167
17	1.168
2	1.169
4	1.169
20	1.169
28	1.169
37	1.169
58	1.169
61	1.169
2	1.17
18	1.17
26	1.17
39	1.17
10	1.171
21	1.171
5	1.172
19	1.172
53	1.172
60	1.172
3	1.173
32	1.173
37	1.173
55	1.173
44	1.1735
3	1.174
20	1.174
30	1.174
6	1.175
21	1.176
22	1.176
54	1.176
35	1.177
59	1.177
4	1.179
29	1.179
40	1.179
4	1.18
27	1.18
61	1.18
11	1.181
5	1.182
38	1.182
39	1.182
5	1.183
56	1.183
31	1.184
6	1.185
41	1.185
6	1.186
23	1.186
38	1.186
33	1.188
36	1.188
30	1.189
28	1.19
40	1.191
12	1.192
60	1.192
7	1.194
13	1.194
55	1.194
37	1.195
14	1.196
24	1.196
41	1.197
15	1.198
57	1.198
31	1.199
39	1.199
16	1.2
29	1.2
61	1.2
34	1.201
17	1.202
58	1.202
2	1.203
32	1.203
39	1.203
7	1.204
18	1.204
56	1.204
7	1.205
19	1.206
25	1.206
3	1.207
8	1.207
20	1.208
38	1.208
40	1.208
77	1.2095
21	1.21
30	1.21
59	1.21
40	1.212
4	1.213
41	1.214
5	1.216
26	1.216
8	1.217
8	1.218
33	1.218
41	1.218
6	1.219
57	1.219
95	1.219
50	1.2195
31	1.22
35	1.22
2	1.221
9	1.222
58	1.223
3	1.225
39	1.225
60	1.225
27	1.226
4	1.231
34	1.231
36	1.231
59	1.231
9	1.232
9	1.233
61	1.233
5	1.234
10	1.234
40	1.234
22	1.236
28	1.236
6	1.237
7	1.238
37	1.238
41	1.24
32	1.243
10	1.244
11	1.244
10	1.245
23	1.246
29	1.246
60	1.246
2	1.248
22	1.248
35	1.25
8	1.251
38	1.251
3	1.252
11	1.254
61	1.254
11	1.255
7	1.256
24	1.256
30	1.256
78	1.256
4	1.258
23	1.258
33	1.258
80	1.26
5	1.261
12	1.261
36	1.261
13	1.263
6	1.264
14	1.265
9	1.266
25	1.266
31	1.266
15	1.267
24	1.268
37	1.268
39	1.268
8	1.269
16	1.269
22	1.27
17	1.271
34	1.271
18	1.273
84	1.2735
19	1.275
26	1.276
20	1.277
40	1.277
10	1.278
25	1.278
21	1.279
19	1.28
23	1.28
38	1.281
7	1.283
41	1.283
9	1.284
72	1.284
27	1.286
93	1.286
11	1.288
26	1.288
24	1.29
35	1.29
8	1.296
10	1.296
28	1.296
27	1.298
39	1.298
25	1.3
36	1.301
79	1.3055
11	1.306
29	1.306
40	1.307
28	1.308
37	1.308
26	1.31
9	1.311
12	1.313
41	1.313
13	1.315
30	1.316
32	1.316
14	1.317
29	1.318
15	1.319
27	1.32
16	1.321
38	1.321
10	1.323
17	1.323
18	1.325
31	1.326
19	1.327
30	1.328
20	1.329
28	1.33
21	1.331
33	1.331
11	1.333
31	1.338
39	1.338
29	1.34
22	1.341
2	1.342
22	1.344
34	1.344
3	1.346
40	1.347
22	1.35
30	1.35
23	1.351
4	1.352
41	1.353
95	1.353
23	1.354
73	1.354
5	1.355
6	1.358
23	1.36
31	1.36
24	1.361
35	1.363
24	1.364
75	1.3665
24	1.37
25	1.371
32	1.372
25	1.374
36	1.374
7	1.377
80	1.377
25	1.38
26	1.381
37	1.381
52	1.381
93	1.382
26	1.384
52	1.384
74	1.3845
2	1.385
22	1.386
52	1.386
33	1.387
3	1.389
8	1.39
26	1.39
27	1.391
52	1.392
53	1.392
27	1.394
38	1.394
4	1.395
53	1.395
23	1.396
54	1.396
53	1.397
5	1.398
32	1.398
54	1.399
27	1.4
34	1.4
2	1.401
6	1.401
12	1.401
28	1.401
54	1.401
13	1.403
53	1.403
28	1.404
3	1.405
9	1.405
14	1.405
24	1.406
15	1.407
54	1.407
22	1.408
16	1.409
28	1.41
4	1.411
17	1.411
29	1.411
39	1.411
18	1.413
33	1.413
84	1.4135
5	1.414
29	1.414
55	1.414
19	1.415
25	1.416
6	1.417
10	1.417
20	1.417
55	1.417
23	1.418
32	1.418
21	1.419
35	1.419
55	1.419
7	1.42
29	1.42
40	1.42
30	1.421
30	1.424
56	1.424
55	1.425
26	1.426
34	1.426
41	1.426
11	1.427
56	1.427
24	1.428
56	1.429
30	1.43
36	1.43
22	1.431
31	1.431
2	1.432
8	1.433
33	1.433
52	1.433
2	1.434
31	1.434
56	1.435
3	1.436
7	1.436
27	1.436
37	1.437
3	1.438
25	1.438
57	1.439
31	1.44
32	1.44
2	1.441
23	1.441
4	1.442
57	1.442
58	1.443
4	1.444
32	1.444
53	1.444
57	1.444
99	1.444
3	1.445
5	1.445
35	1.445
28	1.446
34	1.446
58	1.446
5	1.447
6	1.448
9	1.448
26	1.448
54	1.448
58	1.448
8	1.449
6	1.45
38	1.45
57	1.45
4	1.451
24	1.451
59	1.451
5	1.454
58	1.454
59	1.454
33	1.455
29	1.456
36	1.456
59	1.456
6	1.457
27	1.458
33	1.459
10	1.46
12	1.46
65	1.46
25	1.461
13	1.462
59	1.462
37	1.463
9	1.464
14	1.464
35	1.465
15	1.466
30	1.466
55	1.466
60	1.466
7	1.467
39	1.467
16	1.468
28	1.468
34	1.468
7	1.469
60	1.469
11	1.47
17	1.47
22	1.47
26	1.471
60	1.471
18	1.472
34	1.472
19	1.474
61	1.474
2	1.475
7	1.476
10	1.476
12	1.476
20	1.476
31	1.476
36	1.476
38	1.476
40	1.476
56	1.476
60	1.477
61	1.477
13	1.478
21	1.478
29	1.478
3	1.479
61	1.479
8	1.48
14	1.48
23	1.48
27	1.481
8	1.482
15	1.482
41	1.482
22	1.483
37	1.483
16	1.484
91	1.484
4	1.485
61	1.485
11	1.486
17	1.486
35	1.487
5	1.488
18	1.488
30	1.488
8	1.489
19	1.49
24	1.49
6	1.491
28	1.491
35	1.491
57	1.491
20	1.492
23	1.493
39	1.493
21	1.494
9	1.495
58	1.495
38	1.496
9	1.497
31	1.498
36	1.498
2	1.499
12	1.5
25	1.5
64	1.5005
29	1.501
13	1.502
22	1.502
36	1.502
40	1.502
3	1.503
24	1.503
59	1.503
9	1.504
14	1.504
37	1.505
12	1.506
15	1.506
10	1.507
13	1.508
16	1.508
41	1.508
4	1.509
10	1.509
37	1.509
7	1.51
14	1.51
17	1.51
26	1.51
79	1.51
30	1.511
5	1.512
15	1.512
18	1.512
23	1.512
32	1.512
25	1.513
39	1.513
16	1.514
19	1.514
6	1.515
93	1.515
10	1.516
17	1.516
20	1.516
11	1.517
18	1.518
21	1.518
38	1.518
60	1.518
11	1.519
19	1.52
27	1.52
31	1.521
20	1.522
24	1.522
38	1.522
40	1.522
8	1.523
26	1.523
21	1.524
11	1.526
61	1.526
33	1.527
41	1.528
28	1.53
2	1.532
25	1.532
27	1.533
7	1.534
22	1.534
39	1.535
46	1.535
3	1.536
9	1.538
39	1.539
29	1.54
34	1.54
4	1.542
26	1.542
28	1.543
95	1.543
23	1.544
40	1.544
5	1.545
8	1.547
6	1.548
40	1.548
52	1.548
10	1.55
30	1.55
41	1.55
27	1.552
76	1.552
29	1.553
12	1.554
24	1.554
41	1.554
13	1.556
14	1.558
52	1.558
35	1.559
44	1.559
53	1.559
66	1.559
11	1.56
15	1.56
31	1.56
9	1.562
16	1.562
28	1.562
30	1.563
54	1.563
17	1.564
25	1.564
18	1.566
7	1.567
12	1.568
19	1.568
2	1.569
53	1.569
13	1.57
20	1.57
36	1.57
12	1.571
14	1.572
21	1.572
29	1.572
3	1.573
13	1.573
31	1.573
54	1.573
10	1.574
15	1.574
26	1.574
92	1.5745
14	1.575
16	1.576
15	1.577
37	1.577
17	1.578
22	1.578
4	1.579
16	1.579
2	1.58
8	1.58
18	1.58
2	1.581
17	1.581
55	1.581
5	1.582
19	1.582
30	1.582
81	1.582
18	1.583
3	1.584
11	1.584
20	1.584
27	1.584
3	1.585
6	1.585
19	1.585
21	1.586
20	1.587
23	1.588
21	1.589
4	1.59
32	1.59
38	1.59
4	1.591
55	1.591
56	1.591
31	1.592
5	1.593
32	1.593
5	1.594
28	1.594
9	1.595
6	1.596
6	1.597
12	1.597
52	1.597
24	1.598
12	1.599
13	1.599
13	1.601
14	1.601
56	1.601
14	1.603
15	1.603
7	1.604
29	1.604
15	1.605
16	1.605
33	1.605
52	1.605
57	1.606
10	1.607
16	1.607
17	1.607
39	1.607
25	1.608
33	1.608
53	1.608
75	1.608
17	1.609
18	1.609
58	1.61
18	1.611
19	1.611
54	1.612
19	1.613
20	1.613
30	1.614
7	1.615
20	1.615
21	1.615
84	1.615
7	1.616
40	1.616
53	1.616
57	1.616
8	1.617
11	1.617
21	1.617
26	1.618
34	1.618
59	1.618
54	1.62
58	1.62
34	1.621
41	1.622
32	1.623
31	1.624
67	1.6245
93	1.6255
8	1.628
12	1.628
27	1.628
59	1.628
8	1.629
13	1.63
55	1.63
9	1.632
14	1.632
60	1.633
15	1.634
16	1.636
35	1.637
17	1.638
28	1.638
33	1.638
55	1.638
18	1.64
35	1.64
56	1.64
52	1.641
61	1.641
19	1.642
9	1.643
60	1.643
9	1.644
10	1.644
20	1.644
61	1.6445
95	1.6455
21	1.646
12	1.648
29	1.648
36	1.648
56	1.648
13	1.65
34	1.651
36	1.651
61	1.651
14	1.652
52	1.652
53	1.652
11	1.654
15	1.654
10	1.655
37	1.655
57	1.655
10	1.656
16	1.656
54	1.656
17	1.658
30	1.658
37	1.658
58	1.659
81	1.659
18	1.66
19	1.662
53	1.663
57	1.663
20	1.664
11	1.665
11	1.666
21	1.666
54	1.667
58	1.667
59	1.667
31	1.668
38	1.668
35	1.67
12	1.671
38	1.671
2	1.673
13	1.673
55	1.674
14	1.675
59	1.675
3	1.677
15	1.677
16	1.679
17	1.681
36	1.681
52	1.681
60	1.682
4	1.683
18	1.683
56	1.684
19	1.685
39	1.685
55	1.685
5	1.686
20	1.687
63	1.687
37	1.688
39	1.688
6	1.689
21	1.689
60	1.69
61	1.69
53	1.692
40	1.694
61	1.694
56	1.695
54	1.696
40	1.697
61	1.698
57	1.699
41	1.7
38	1.701
41	1.703
58	1.703
7	1.708
52	1.708
57	1.71
59	1.711
77	1.711
92	1.7115
93	1.713
84	1.7135
55	1.714
58	1.714
39	1.718
52	1.718
53	1.719
8	1.721
59	1.722
54	1.723
56	1.724
44	1.726
60	1.726
40	1.727
53	1.729
50	1.73
41	1.733
54	1.733
61	1.734
9	1.736
1	1.7365
60	1.737
57	1.739
55	1.741
58	1.743
61	1.745
10	1.748
23	1.7485
55	1.751
56	1.751
59	1.751
12	1.752
13	1.754
22	1.754
14	1.756
52	1.756
52	1.757
11	1.758
15	1.758
16	1.76
25	1.76
22	1.761
56	1.761
17	1.762
18	1.764
23	1.764
19	1.766
57	1.766
60	1.766
53	1.767
20	1.768
53	1.768
22	1.769
32	1.769
21	1.77
58	1.77
23	1.771
54	1.771
54	1.772
12	1.774
24	1.774
61	1.774
13	1.776
57	1.776
2	1.778
14	1.778
59	1.778
23	1.779
15	1.78
58	1.78
24	1.781
3	1.782
16	1.782
52	1.782
17	1.784
25	1.784
33	1.784
18	1.786
4	1.788
19	1.788
59	1.788
2	1.789
24	1.789
32	1.789
55	1.789
20	1.79
55	1.79
5	1.791
12	1.791
25	1.791
21	1.792
3	1.793
13	1.793
53	1.793
60	1.793
6	1.794
26	1.794
52	1.794
2	1.795
14	1.795
84	1.7955
15	1.797
34	1.797
54	1.797
3	1.799
4	1.799
16	1.799
25	1.799
56	1.799
56	1.8
17	1.801
26	1.801
61	1.801
5	1.802
52	1.802
18	1.803
60	1.803
27	1.804
33	1.804
4	1.805
6	1.805
19	1.805
53	1.805
20	1.807
32	1.807
5	1.808
21	1.809
26	1.809
54	1.809
6	1.811
27	1.811
61	1.811
7	1.813
53	1.813
28	1.814
57	1.814
55	1.815
57	1.815
35	1.816
34	1.817
54	1.817
22	1.818
58	1.818
27	1.819
58	1.819
28	1.821
33	1.822
80	1.823
7	1.824
29	1.824
92	1.8245
12	1.825
56	1.825
99	1.8255
8	1.826
59	1.826
13	1.827
36	1.827
55	1.827
59	1.827
23	1.828
14	1.829
28	1.829
7	1.83
12	1.83
15	1.831
29	1.831
52	1.831
13	1.832
16	1.833
14	1.834
30	1.834
37	1.834
17	1.835
34	1.835
55	1.835
12	1.836
15	1.836
35	1.836
2	1.837
8	1.837
18	1.837
56	1.837
13	1.838
16	1.838
24	1.838
19	1.839
29	1.839
14	1.84
17	1.84
57	1.84
93	1.8405
3	1.841
9	1.841
20	1.841
30	1.841
60	1.841
15	1.842
18	1.842
53	1.842
60	1.842
8	1.843
21	1.843
16	1.844
19	1.844
31	1.844
58	1.844
56	1.845
69	1.845
2	1.846
17	1.846
20	1.846
54	1.846
4	1.847
36	1.847
38	1.847
18	1.848
21	1.848
25	1.848
71	1.8485
30	1.849
61	1.849
3	1.85
5	1.85
19	1.85
61	1.85
31	1.851
9	1.852
20	1.852
57	1.852
59	1.852
6	1.853
10	1.853
21	1.854
35	1.854
37	1.854
4	1.856
58	1.856
9	1.858
26	1.858
5	1.859
31	1.859
57	1.86
6	1.862
2	1.863
11	1.863
10	1.864
39	1.864
55	1.864
58	1.864
59	1.864
36	1.865
3	1.867
38	1.867
60	1.867
27	1.868
10	1.87
7	1.872
37	1.872
59	1.872
4	1.873
40	1.873
11	1.874
56	1.874
22	1.875
61	1.875
5	1.876
28	1.878
95	1.8785
6	1.879
41	1.879
60	1.879
11	1.88
7	1.881
39	1.884
8	1.885
23	1.885
38	1.885
22	1.887
60	1.887
61	1.887
29	1.888
57	1.889
40	1.893
58	1.893
8	1.894
12	1.895
24	1.895
61	1.895
13	1.897
23	1.897
7	1.898
30	1.898
52	1.898
14	1.899
41	1.899
52	1.899
9	1.9
15	1.901
59	1.901
39	1.902
16	1.903
84	1.9045
17	1.905
25	1.905
18	1.907
24	1.907
31	1.908
9	1.909
19	1.909
53	1.909
53	1.91
8	1.911
20	1.911
40	1.911
10	1.912
47	1.9125
21	1.913
54	1.913
12	1.914
54	1.914
26	1.915
12	1.916
13	1.916
60	1.916
25	1.917
41	1.917
13	1.918
14	1.918
42	1.9195
14	1.92
15	1.92
22	1.92
10	1.921
52	1.921
11	1.922
15	1.922
16	1.922
16	1.924
17	1.924
61	1.924
2	1.925
27	1.925
9	1.926
17	1.926
18	1.926
26	1.927
52	1.927
18	1.928
19	1.928
3	1.929
2	1.93
19	1.93
20	1.93
23	1.93
2	1.931
11	1.931
55	1.931
20	1.932
21	1.932
53	1.932
55	1.932
3	1.934
21	1.934
3	1.935
4	1.935
28	1.935
92	1.935
2	1.936
54	1.936
27	1.937
5	1.938
10	1.938
22	1.938
53	1.938
3	1.94
4	1.94
24	1.94
4	1.941
6	1.941
56	1.941
54	1.942
56	1.942
5	1.943
5	1.944
29	1.945
4	1.946
6	1.946
6	1.947
28	1.947
11	1.948
23	1.948
2	1.949
5	1.949
25	1.95
6	1.952
3	1.953
55	1.954
30	1.955
46	1.956
57	1.956
29	1.957
57	1.957
24	1.958
4	1.959
45	1.959
7	1.96
26	1.96
32	1.96
55	1.96
58	1.96
2	1.961
58	1.961
5	1.962
12	1.964
22	1.964
56	1.964
3	1.965
6	1.965
7	1.965
31	1.965
7	1.966
13	1.966
30	1.967
14	1.968
25	1.968
59	1.968
22	1.969
59	1.969
15	1.97
27	1.97
56	1.97
4	1.971
7	1.971
16	1.972
8	1.973
5	1.974
17	1.974
23	1.974
33	1.975
18	1.976
6	1.977
31	1.977
8	1.978
19	1.978
26	1.978
8	1.979
23	1.979
32	1.979
57	1.979
81	1.9795
20	1.98
28	1.98
2	1.981
84	1.9815
21	1.982
58	1.983
60	1.983
7	1.984
8	1.984
24	1.984
60	1.984
3	1.985
52	1.985
57	1.985
2	1.986
9	1.988
12	1.988
27	1.988
34	1.988
24	1.989
58	1.989
3	1.99
13	1.99
29	1.99
4	1.991
22	1.991
59	1.991
61	1.991
14	1.992
61	1.992
9	1.993
5	1.994
9	1.994
15	1.994
25	1.994
33	1.994
52	1.995
61	1.9955
4	1.996
7	1.996
16	1.996
53	1.996
6	1.997
8	1.997
59	1.997
2	1.998
17	1.998
28	1.998
5	1.999
9	1.999
25	1.999
10	2
18	2
30	2
54	2
23	2.001
3	2.002
6	2.002
19	2.002
32	2.003
20	2.004
26	2.004
64	2.004
10	2.005
10	2.006
21	2.006
53	2.006
60	2.006
34	2.007
35	2.007
69	2.007
4	2.008
29	2.008
8	2.009
26	2.009
11	2.01
31	2.01
54	2.01
5	2.011
10	2.011
12	2.011
24	2.011
9	2.012
60	2.012
93	2.0125
12	2.013
13	2.013
6	2.014
27	2.014
61	2.014
11	2.015
13	2.015
14	2.015
7	2.016
11	2.016
12	2.017
14	2.017
15	2.017
30	2.018
32	2.018
33	2.018
36	2.018
55	2.018
13	2.019
15	2.019
16	2.019
27	2.019
61	2.02
7	2.021
11	2.021
14	2.021
16	2.021
17	2.021
25	2.021
74	2.0215
15	2.023
17	2.023
18	2.023
9	2.024
10	2.024
28	2.024
16	2.025
18	2.025
19	2.025
37	2.025
35	2.026
52	2.026
17	2.027
19	2.027
20	2.027
31	2.028
55	2.028
56	2.028
8	2.029
18	2.029
20	2.029
21	2.029
28	2.029
19	2.031
21	2.031
26	2.031
34	2.031
7	2.033
20	2.033
33	2.033
8	2.034
11	2.034
29	2.034
21	2.035
10	2.036
36	2.037
53	2.037
38	2.038
56	2.038
29	2.039
27	2.041
54	2.041
57	2.043
9	2.044
30	2.044
37	2.044
8	2.046
11	2.046
34	2.046
58	2.047
9	2.049
30	2.049
32	2.05
35	2.05
28	2.051
57	2.053
31	2.054
39	2.055
59	2.055
10	2.056
38	2.057
58	2.057
31	2.059
55	2.059
9	2.061
10	2.061
29	2.061
36	2.061
40	2.064
33	2.065
35	2.065
59	2.065
11	2.066
37	2.068
44	2.068
56	2.069
2	2.07
41	2.07
60	2.07
11	2.071
30	2.071
10	2.073
3	2.074
22	2.074
39	2.074
32	2.075
36	2.076
34	2.078
61	2.078
63	2.078
81	2.0785
2	2.079
4	2.08
60	2.08
31	2.081
38	2.081
3	2.083
5	2.083
11	2.083
37	2.083
40	2.083
23	2.084
57	2.084
32	2.085
6	2.086
52	2.088
58	2.088
61	2.088
4	2.089
41	2.089
33	2.09
12	2.091
5	2.092
13	2.093
24	2.094
6	2.095
14	2.095
95	2.0955
38	2.096
59	2.096
12	2.097
15	2.097
35	2.097
39	2.098
13	2.099
16	2.099
22	2.099
53	2.099
33	2.1
14	2.101
17	2.101
15	2.103
18	2.103
34	2.103
54	2.103
25	2.104
7	2.105
16	2.105
19	2.105
17	2.107
20	2.107
40	2.107
36	2.108
18	2.109
21	2.109
23	2.109
19	2.111
60	2.111
20	2.113
34	2.113
39	2.113
41	2.113
71	2.1135
7	2.114
26	2.114
21	2.115
37	2.115
62	2.117
8	2.118
24	2.119
61	2.119
55	2.121
35	2.122
40	2.122
52	2.123
27	2.124
22	2.125
43	2.1255
8	2.127
38	2.128
41	2.128
93	2.128
12	2.129
25	2.129
13	2.131
56	2.131
35	2.132
9	2.133
14	2.133
36	2.133
28	2.134
53	2.134
15	2.135
23	2.135
52	2.136
16	2.137
54	2.138
17	2.139
26	2.139
37	2.14
18	2.141
9	2.142
19	2.143
36	2.143
29	2.144
52	2.144
10	2.145
20	2.145
24	2.145
39	2.145
57	2.146
21	2.147
53	2.147
27	2.149
37	2.15
58	2.15
54	2.151
38	2.153
10	2.154
30	2.154
40	2.154
11	2.155
25	2.155
53	2.155
55	2.156
1	2.157
59	2.158
28	2.159
54	2.159
41	2.16
12	2.162
38	2.163
11	2.164
13	2.164
31	2.164
59	2.164
26	2.165
74	2.165
14	2.166
56	2.166
15	2.168
29	2.169
55	2.169
16	2.17
39	2.17
17	2.172
60	2.173
18	2.174
27	2.175
79	2.175
19	2.176
55	2.177
20	2.178
30	2.179
40	2.179
56	2.179
21	2.18
32	2.18
39	2.18
57	2.181
61	2.181
61	2.184
28	2.185
41	2.185
58	2.185
56	2.187
31	2.189
40	2.189
59	2.193
57	2.194
29	2.195
33	2.195
41	2.195
22	2.196
58	2.198
57	2.202
2	2.203
76	2.203
30	2.205
23	2.206
58	2.206
59	2.206
3	2.207
34	2.208
60	2.208
52	2.211
4	2.213
59	2.214
31	2.215
95	2.2155
5	2.216
24	2.216
32	2.216
61	2.216
6	2.219
60	2.221
53	2.222
25	2.226
54	2.226
35	2.227
52	2.229
60	2.229
61	2.229
33	2.231
26	2.236
61	2.237
7	2.238
36	2.238
53	2.24
34	2.244
54	2.244
55	2.244
12	2.245
37	2.245
27	2.246
13	2.247
78	2.248
14	2.249
8	2.251
15	2.251
16	2.253
56	2.254
93	2.254
17	2.255
12	2.256
28	2.256
18	2.257
13	2.258
38	2.258
19	2.259
14	2.26
20	2.261
15	2.262
55	2.262
21	2.263
35	2.263
16	2.264
9	2.266
17	2.266
29	2.266
18	2.268
57	2.269
19	2.27
32	2.27
20	2.272
56	2.272
58	2.273
21	2.274
36	2.274
39	2.275
30	2.276
10	2.278
52	2.278
52	2.279
84	2.28
37	2.281
59	2.281
40	2.284
33	2.285
31	2.286
57	2.287
11	2.288
53	2.289
41	2.29
53	2.29
58	2.291
54	2.293
32	2.294
38	2.294
54	2.294
75	2.295
60	2.296
99	2.297
34	2.298
59	2.299
44	2.3
81	2.3005
61	2.304
2	2.308
33	2.309
39	2.311
55	2.311
3	2.312
55	2.312
60	2.314
35	2.317
80	2.3175
4	2.318
40	2.32
5	2.321
56	2.321
34	2.322
56	2.322
61	2.322
6	2.324
22	2.324
41	2.326
12	2.327
36	2.328
13	2.329
14	2.331
2	2.332
15	2.333
23	2.334
16	2.335
37	2.335
3	2.336
57	2.336
17	2.337
57	2.337
92	2.3375
18	2.339
32	2.34
58	2.34
19	2.341
35	2.341
58	2.341
4	2.342
7	2.343
20	2.343
24	2.344
5	2.345
21	2.345
32	2.346
52	2.347
95	2.347
6	2.348
38	2.348
59	2.348
59	2.349
2	2.35
22	2.35
71	2.3505
36	2.352
3	2.354
25	2.354
79	2.3545
33	2.355
8	2.356
46	2.3565
2	2.358
12	2.358
53	2.358
37	2.359
8	2.3595
4	2.36
13	2.36
23	2.36
33	2.361
3	2.362
14	2.362
54	2.362
5	2.363
60	2.363
12	2.364
15	2.364
26	2.364
60	2.364
39	2.365
6	2.366
13	2.366
16	2.366
7	2.367
4	2.368
14	2.368
17	2.368
34	2.368
15	2.37
18	2.37
24	2.37
52	2.37
5	2.371
9	2.371
61	2.371
16	2.372
19	2.372
38	2.372
61	2.372
6	2.374
17	2.374
20	2.374
27	2.374
34	2.374
40	2.374
48	2.375
18	2.376
21	2.376
19	2.378
8	2.38
20	2.38
25	2.38
41	2.38
55	2.38
53	2.381
21	2.382
10	2.383
28	2.384
7	2.385
54	2.385
35	2.387
39	2.389
22	2.39
26	2.39
56	2.39
7	2.393
11	2.393
35	2.393
29	2.394
9	2.395
8	2.398
36	2.398
40	2.398
23	2.4
27	2.4
32	2.403
55	2.403
30	2.404
36	2.404
41	2.404
37	2.405
57	2.405
8	2.406
10	2.407
58	2.409
24	2.41
28	2.41
32	2.41
37	2.411
2	2.412
9	2.413
12	2.413
56	2.413
31	2.414
13	2.415
3	2.416
11	2.417
14	2.417
22	2.417
59	2.417
33	2.418
38	2.418
15	2.419
22	2.42
25	2.42
29	2.42
9	2.421
16	2.421
52	2.421
4	2.422
17	2.423
38	2.424
5	2.425
10	2.425
18	2.425
33	2.425
19	2.427
23	2.427
6	2.428
57	2.428
20	2.429
23	2.43
26	2.43
30	2.43
21	2.431
34	2.431
52	2.431
53	2.432
58	2.432
60	2.432
10	2.433
32	2.433
11	2.435
39	2.435
54	2.436
24	2.437
34	2.438
22	2.44
24	2.44
27	2.44
31	2.44
59	2.44
61	2.44
39	2.441
53	2.442
11	2.443
40	2.444
54	2.446
7	2.447
25	2.447
33	2.448
23	2.45
25	2.45
28	2.45
35	2.45
40	2.45
41	2.45
52	2.45
12	2.453
32	2.454
55	2.454
65	2.454
13	2.455
60	2.455
2	2.456
41	2.456
14	2.457
26	2.457
35	2.457
15	2.459
3	2.46
8	2.46
24	2.46
26	2.46
29	2.46
16	2.461
34	2.461
36	2.461
53	2.461
17	2.463
61	2.463
55	2.464
56	2.464
18	2.465
54	2.465
4	2.466
19	2.467
27	2.467
22	2.468
36	2.468
37	2.468
5	2.469
20	2.469
33	2.469
25	2.47
27	2.47
30	2.47
21	2.471
6	2.472
56	2.474
9	2.475
37	2.475
28	2.477
23	2.478
57	2.479
26	2.48
28	2.48
31	2.48
35	2.48
38	2.481
34	2.482
63	2.482
55	2.483
58	2.483
10	2.487
29	2.487
2	2.488
24	2.488
38	2.488
2	2.489
57	2.489
27	2.49
29	2.49
7	2.491
36	2.491
52	2.491
59	2.491
3	2.492
3	2.493
56	2.493
58	2.493
11	2.497
30	2.497
4	2.498
25	2.498
37	2.498
39	2.498
4	2.499
28	2.5
30	2.5
95	2.5005
5	2.501
22	2.501
35	2.501
59	2.501
5	2.502
53	2.502
2	2.504
6	2.504
8	2.504
6	2.505
32	2.505
39	2.505
54	2.506
60	2.506
2	2.507
31	2.507
40	2.507
3	2.508
26	2.508
57	2.508
92	2.509
29	2.51
31	2.51
3	2.511
23	2.511
38	2.511
36	2.512
58	2.512
41	2.513
52	2.513
4	2.514
40	2.514
61	2.514
60	2.516
4	2.517
5	2.517
32	2.517
27	2.518
61	2.5185
9	2.519
37	2.519
5	2.52
6	2.52
30	2.52
33	2.52
41	2.52
52	2.52
59	2.52
24	2.521
6	2.523
7	2.523
7	2.524
12	2.524
53	2.524
55	2.524
61	2.524
13	2.526
14	2.528
28	2.528
39	2.528
54	2.528
15	2.53
31	2.53
10	2.531
25	2.531
53	2.531
16	2.532
33	2.532
38	2.532
34	2.533
17	2.534
56	2.534
54	2.535
60	2.535
8	2.536
18	2.536
8	2.537
40	2.537
19	2.538
29	2.538
7	2.539
20	2.54
11	2.541
26	2.541
7	2.542
21	2.542
41	2.543
61	2.543
34	2.545
55	2.546
69	2.5475
30	2.548
39	2.549
57	2.549
9	2.551
27	2.551
93	2.551
8	2.552
9	2.552
35	2.552
55	2.553
58	2.553
8	2.555
32	2.556
56	2.556
31	2.558
40	2.558
75	2.5605
28	2.561
59	2.561
10	2.563
22	2.563
36	2.563
56	2.563
10	2.564
35	2.564
41	2.564
9	2.567
22	2.567
68	2.568
9	2.57
37	2.57
29	2.571
32	2.571
33	2.571
57	2.571
52	2.572
11	2.573
23	2.573
11	2.574
2	2.575
36	2.575
58	2.575
60	2.576
23	2.577
57	2.578
3	2.579
10	2.579
22	2.58
77	2.58
30	2.581
10	2.582
37	2.582
58	2.582
24	2.583
38	2.583
53	2.583
59	2.583
34	2.584
61	2.584
4	2.585
12	2.585
33	2.586
13	2.587
24	2.587
54	2.587
5	2.588
11	2.589
14	2.589
23	2.59
59	2.59
61	2.5905
6	2.591
15	2.591
31	2.591
32	2.591
11	2.592
16	2.593
25	2.593
17	2.595
38	2.595
18	2.597
25	2.597
60	2.598
19	2.599
34	2.599
24	2.6
39	2.6
20	2.601
21	2.603
26	2.603
35	2.603
55	2.605
60	2.605
33	2.606
61	2.606
26	2.607
40	2.609
7	2.61
25	2.61
39	2.612
27	2.613
61	2.613
12	2.614
32	2.614
36	2.614
41	2.615
56	2.615
2	2.616
13	2.616
65	2.6165
27	2.617
52	2.617
67	2.617
14	2.618
22	2.618
35	2.618
34	2.619
3	2.62
15	2.62
26	2.62
37	2.621
40	2.621
16	2.622
8	2.623
28	2.623
52	2.623
17	2.624
4	2.626
18	2.626
28	2.627
41	2.627
19	2.628
23	2.628
53	2.628
5	2.629
12	2.629
33	2.629
36	2.629
20	2.63
27	2.63
57	2.63
13	2.631
6	2.632
21	2.632
54	2.632
14	2.633
29	2.633
32	2.633
2	2.634
38	2.634
53	2.634
58	2.634
15	2.635
37	2.636
16	2.637
29	2.637
2	2.638
3	2.638
9	2.638
24	2.638
35	2.638
54	2.638
17	2.639
28	2.64
18	2.641
3	2.642
34	2.642
59	2.642
19	2.643
30	2.643
4	2.644
20	2.645
5	2.647
21	2.647
22	2.647
30	2.647
32	2.647
4	2.648
25	2.648
33	2.648
36	2.649
38	2.649
6	2.65
10	2.65
29	2.65
55	2.65
5	2.651
7	2.651
39	2.651
31	2.653
52	2.653
62	2.6535
6	2.654
37	2.656
55	2.656
23	2.657
31	2.657
60	2.657
26	2.658
92	2.658
11	2.66
30	2.66
40	2.66
56	2.66
12	2.661
34	2.661
35	2.661
33	2.662
13	2.663
8	2.664
53	2.664
14	2.665
61	2.665
39	2.666
41	2.666
56	2.666
15	2.667
24	2.667
27	2.668
54	2.668
7	2.669
16	2.669
38	2.669
61	2.6695
31	2.67
17	2.671
36	2.672
7	2.673
18	2.673
44	2.6745
19	2.675
34	2.675
40	2.675
57	2.675
95	2.675
20	2.677
25	2.677
28	2.678
9	2.679
21	2.679
37	2.679
58	2.679
35	2.68
41	2.681
57	2.681
8	2.682
12	2.683
13	2.685
58	2.685
8	2.686
39	2.686
55	2.686
14	2.687
26	2.687
59	2.687
29	2.688
45	2.6885
15	2.689
75	2.689
2	2.691
10	2.691
16	2.691
36	2.691
81	2.691
38	2.692
17	2.693
59	2.693
35	2.694
3	2.695
18	2.695
40	2.695
56	2.696
9	2.697
19	2.697
27	2.697
30	2.698
37	2.698
20	2.699
4	2.701
9	2.701
11	2.701
21	2.701
41	2.701
60	2.702
5	2.704
36	2.705
6	2.707
28	2.707
52	2.707
31	2.708
60	2.708
10	2.709
39	2.709
61	2.71
32	2.711
38	2.711
57	2.711
80	2.711
37	2.712
10	2.713
32	2.714
58	2.715
61	2.716
29	2.717
2	2.718
40	2.718
53	2.718
11	2.719
3	2.722
54	2.722
11	2.723
59	2.723
41	2.724
32	2.725
38	2.725
7	2.726
32	2.726
33	2.726
30	2.727
4	2.728
39	2.728
33	2.729
5	2.731
6	2.734
31	2.737
40	2.737
60	2.738
8	2.739
34	2.739
33	2.74
55	2.74
33	2.741
34	2.742
39	2.742
12	2.743
41	2.743
13	2.745
61	2.746
12	2.747
14	2.747
13	2.749
15	2.749
56	2.75
14	2.751
16	2.751
40	2.751
7	2.753
15	2.753
17	2.753
34	2.753
9	2.754
34	2.754
16	2.755
18	2.755
17	2.757
19	2.757
41	2.757
35	2.758
18	2.759
20	2.759
19	2.761
21	2.761
35	2.761
20	2.763
21	2.765
57	2.765
8	2.766
10	2.766
36	2.769
58	2.769
35	2.772
36	2.772
35	2.773
52	2.773
11	2.776
37	2.776
52	2.777
59	2.777
37	2.779
9	2.781
11	2.7825
36	2.783
36	2.784
53	2.784
22	2.785
52	2.787
53	2.788
54	2.788
38	2.789
37	2.79
37	2.791
38	2.792
54	2.792
60	2.792
10	2.793
93	2.793
22	2.795
23	2.795
53	2.798
95	2.798
2	2.8
22	2.8
61	2.8
54	2.802
11	2.803
38	2.803
61	2.8035
3	2.804
38	2.804
23	2.805
24	2.805
52	2.805
39	2.806
55	2.806
39	2.809
4	2.81
23	2.81
32	2.81
55	2.81
92	2.8115
5	2.813
24	2.815
25	2.815
40	2.815
6	2.816
53	2.816
56	2.816
22	2.818
40	2.818
24	2.82
39	2.82
54	2.82
55	2.82
56	2.82
39	2.821
41	2.821
81	2.8235
41	2.824
25	2.825
26	2.825
33	2.825
43	2.8255
23	2.828
22	2.829
40	2.829
69	2.829
25	2.83
40	2.83
56	2.83
12	2.831
57	2.831
52	2.832
13	2.833
7	2.835
14	2.835
26	2.835
27	2.835
41	2.835
57	2.835
58	2.835
75	2.835
41	2.836
15	2.837
24	2.838
34	2.838
55	2.838
16	2.839
23	2.839
58	2.839
12	2.84
26	2.84
17	2.841
13	2.842
18	2.843
32	2.843
53	2.843
59	2.843
14	2.844
19	2.845
27	2.845
28	2.845
57	2.845
15	2.846
20	2.847
54	2.847
59	2.847
8	2.848
16	2.848
25	2.848
56	2.848
21	2.849
24	2.849
58	2.849
17	2.85
27	2.85
18	2.852
22	2.853
19	2.854
28	2.855
29	2.855
20	2.856
35	2.857
59	2.857
21	2.858
26	2.858
33	2.858
60	2.858
25	2.859
28	2.86
67	2.8605
60	2.862
9	2.863
23	2.863
57	2.863
29	2.865
30	2.865
55	2.865
61	2.866
58	2.867
27	2.868
36	2.868
52	2.868
26	2.869
29	2.87
32	2.87
61	2.87
34	2.871
60	2.872
24	2.873
52	2.873
63	2.8735
10	2.875
22	2.875
30	2.875
31	2.875
37	2.875
56	2.875
59	2.875
28	2.878
27	2.879
53	2.879
30	2.88
61	2.88
49	2.8805
25	2.883
54	2.883
53	2.884
78	2.8845
11	2.885
23	2.885
31	2.885
33	2.885
29	2.888
38	2.888
54	2.888
28	2.889
31	2.89
35	2.89
57	2.89
60	2.89
84	2.8915
95	2.8915
26	2.893
12	2.894
58	2.894
24	2.895
12	2.896
13	2.896
13	2.898
14	2.898
30	2.898
34	2.898
61	2.898
29	2.899
14	2.9
15	2.9
71	2.9
36	2.901
55	2.901
15	2.902
16	2.902
59	2.902
27	2.903
16	2.904
17	2.904
25	2.905
39	2.905
17	2.906
18	2.906
55	2.906
18	2.908
19	2.908
31	2.908
37	2.908
22	2.909
30	2.909
12	2.91
19	2.91
20	2.91
52	2.911
56	2.911
13	2.912
20	2.912
21	2.912
28	2.913
32	2.913
14	2.914
21	2.914
40	2.914
52	2.914
26	2.915
2	2.916
15	2.916
32	2.916
56	2.916
35	2.917
60	2.917
16	2.918
23	2.919
31	2.919
3	2.92
17	2.92
41	2.92
38	2.921
18	2.922
53	2.922
29	2.923
19	2.924
27	2.925
53	2.925
61	2.925
4	2.926
20	2.926
54	2.926
57	2.926
2	2.927
21	2.928
33	2.928
36	2.928
5	2.929
24	2.929
54	2.929
2	2.93
22	2.93
58	2.93
3	2.931
33	2.931
57	2.931
6	2.932
30	2.933
3	2.934
28	2.935
37	2.935
58	2.935
12	2.936
4	2.937
13	2.938
39	2.938
59	2.938
25	2.939
4	2.94
5	2.94
14	2.94
23	2.94
22	2.941
34	2.941
15	2.942
5	2.943
6	2.943
31	2.943
59	2.943
16	2.944
34	2.944
55	2.944
29	2.945
6	2.946
17	2.946
40	2.947
55	2.947
12	2.948
18	2.948
38	2.948
92	2.9485
26	2.949
13	2.95
19	2.95
24	2.95
7	2.951
23	2.951
66	2.9515
14	2.952
20	2.952
41	2.953
60	2.953
15	2.954
21	2.954
56	2.954
30	2.955
16	2.956
56	2.957
17	2.958
60	2.958
27	2.959
18	2.96
25	2.96
35	2.96
24	2.961
61	2.961
7	2.962
19	2.962
35	2.963
8	2.964
20	2.964
7	2.965
31	2.965
39	2.965
21	2.966
61	2.966
28	2.969
57	2.969
26	2.97
25	2.971
36	2.971
57	2.972
58	2.973
36	2.974
40	2.974
8	2.975
52	2.975
12	2.976
58	2.976
93	2.976
52	2.977
8	2.978
13	2.978
37	2.978
9	2.979
29	2.979
14	2.98
27	2.98
41	2.98
26	2.981
37	2.981
59	2.981
15	2.982
16	2.984
59	2.984
91	2.9845
17	2.986
53	2.986
22	2.987
18	2.988
53	2.988
12	2.989
30	2.989
9	2.99
19	2.99
28	2.99
54	2.99
10	2.991
13	2.991
27	2.991
38	2.991
20	2.992
54	2.992
9	2.993
14	2.993
21	2.994
38	2.994
15	2.995
60	2.996
16	2.997
23	2.997
17	2.999
31	2.999
60	2.999
29	3
11	3.001
18	3.001
28	3.001
10	3.002
19	3.003
61	3.004
10	3.005
20	3.005
21	3.007
24	3.007
61	3.007
39	3.008
55	3.008
30	3.01
55	3.01
29	3.011
39	3.011
11	3.012
11	3.015
25	3.017
40	3.017
56	3.018
31	3.02
40	3.02
56	3.02
30	3.021
41	3.023
41	3.026
26	3.027
92	3.0295
31	3.031
57	3.033
57	3.035
22	3.036
27	3.037
32	3.037
58	3.037
58	3.039
12	3.041
13	3.043
32	3.044
14	3.045
59	3.045
23	3.046
15	3.047
28	3.047
32	3.047
59	3.047
16	3.049
17	3.051
33	3.052
18	3.053
19	3.055
24	3.056
2	3.057
20	3.057
29	3.057
21	3.059
33	3.059
60	3.06
3	3.061
33	3.062
60	3.062
34	3.065
25	3.066
4	3.067
30	3.067
61	3.068
5	3.07
61	3.07
34	3.072
42	3.0725
6	3.073
34	3.075
26	3.076
68	3.0765
31	3.077
74	3.08
52	3.081
35	3.084
27	3.086
35	3.091
71	3.0915
7	3.092
53	3.092
35	3.094
36	3.095
28	3.096
54	3.096
52	3.097
95	3.098
12	3.102
36	3.102
37	3.102
13	3.104
8	3.105
36	3.105
14	3.106
29	3.106
73	3.1065
15	3.108
53	3.108
37	3.109
79	3.1095
16	3.11
17	3.112
37	3.112
54	3.112
18	3.114
55	3.114
38	3.115
12	3.116
19	3.116
30	3.116
13	3.118
20	3.118
9	3.12
14	3.12
21	3.12
52	3.121
15	3.122
38	3.122
16	3.124
32	3.124
56	3.124
38	3.125
76	3.1255
17	3.126
31	3.126
2	3.127
18	3.128
69	3.128
19	3.13
52	3.13
55	3.13
3	3.131
10	3.132
20	3.132
39	3.132
53	3.132
21	3.134
2	3.136
54	3.136
4	3.137
32	3.137
33	3.139
39	3.139
57	3.139
3	3.14
5	3.14
56	3.14
40	3.141
47	3.141
53	3.141
11	3.142
39	3.142
65	3.142
6	3.143
58	3.143
54	3.145
4	3.146
41	3.147
40	3.148
5	3.149
40	3.151
59	3.151
6	3.152
33	3.152
34	3.152
12	3.154
41	3.154
55	3.154
57	3.155
13	3.156
41	3.157
14	3.158
58	3.159
15	3.16
7	3.162
16	3.162
55	3.163
17	3.164
56	3.164
34	3.165
12	3.166
18	3.166
60	3.166
59	3.167
13	3.168
19	3.168
14	3.17
20	3.17
7	3.171
35	3.171
15	3.172
21	3.172
56	3.173
16	3.174
61	3.174
8	3.175
17	3.176
18	3.178
32	3.178
61	3.178
57	3.179
19	3.18
20	3.182
36	3.182
60	3.182
58	3.183
8	3.184
21	3.184
35	3.184
57	3.188
93	3.188
37	3.189
9	3.19
61	3.19
59	3.191
22	3.192
52	3.192
58	3.192
33	3.193
36	3.195
9	3.199
59	3.2
10	3.202
23	3.202
37	3.202
38	3.202
53	3.203
95	3.204
34	3.206
60	3.206
54	3.207
10	3.2075
10	3.211
11	3.212
24	3.212
52	3.214
61	3.214
38	3.215
60	3.215
12	3.217
13	3.219
39	3.219
11	3.221
14	3.221
25	3.222
15	3.223
61	3.223
16	3.225
35	3.225
53	3.225
55	3.225
17	3.227
40	3.228
18	3.229
54	3.229
19	3.231
26	3.232
39	3.232
20	3.233
41	3.234
21	3.235
56	3.235
36	3.236
40	3.241
27	3.242
84	3.242
37	3.243
41	3.247
55	3.247
57	3.25
28	3.252
50	3.253
58	3.254
22	3.255
22	3.256
38	3.256
2	3.257
56	3.257
72	3.26
3	3.261
29	3.262
59	3.262
32	3.264
23	3.265
23	3.266
4	3.267
32	3.268
2	3.269
5	3.27
30	3.272
57	3.272
3	3.273
6	3.273
39	3.273
24	3.275
24	3.276
58	3.276
60	3.277
4	3.279
33	3.279
5	3.282
31	3.282
40	3.282
33	3.283
59	3.284
6	3.285
25	3.285
44	3.285
61	3.285
25	3.286
2	3.287
41	3.288
12	3.289
3	3.291
13	3.291
7	3.292
34	3.292
2	3.293
14	3.293
15	3.295
26	3.295
99	3.295
26	3.296
34	3.296
3	3.297
4	3.297
16	3.297
17	3.299
60	3.299
5	3.3
97	3.3
18	3.301
4	3.303
6	3.303
19	3.303
7	3.304
8	3.305
20	3.305
27	3.305
5	3.306
27	3.306
21	3.307
61	3.307
6	3.309
35	3.311
28	3.315
35	3.315
28	3.316
8	3.317
9	3.32
93	3.3215
7	3.322
36	3.322
43	3.324
29	3.325
29	3.326
36	3.326
7	3.328
37	3.329
81	3.3305
9	3.332
10	3.332
37	3.333
8	3.335
30	3.335
30	3.336
8	3.341
11	3.342
38	3.342
10	3.344
31	3.345
69	3.3455
31	3.346
38	3.346
80	3.346
9	3.35
11	3.354
95	3.354
92	3.355
9	3.356
99	3.358
39	3.359
10	3.362
39	3.363
10	3.368
40	3.368
11	3.372
40	3.372
41	3.374
11	3.378
41	3.378
56	3.399
78	3.4
73	3.4045
53	3.438
95	3.451
42	3.4565
68	3.465
68	3.4685
33	3.4695
46	3.4695
76	3.471
68	3.473
5	3.4765
84	3.493
