32	0.001
32	0.004
42	0.006
68	0.009
33	0.013
85	0.014
32	0.016
33	0.016
2	0.019
43	0.019
12	0.02
28	0.0205
2	0.022
3	0.022
13	0.022
34	0.022
35	0.022
12	0.024
14	0.024
3	0.025
34	0.025
35	0.025
36	0.025
13	0.026
15	0.026
4	0.027
14	0.028
16	0.028
33	0.028
36	0.028
4	0.03
15	0.03
17	0.03
83	0.03
16	0.032
18	0.032
17	0.034
19	0.034
52	0.034
18	0.036
20	0.036
37	0.036
34	0.037
35	0.037
19	0.038
21	0.038
84	0.038
37	0.039
44	0.039
20	0.04
36	0.04
62	0.04
51	0.0405
45	0.041
21	0.042
63	0.046
5	0.047
6	0.048
42	0.048
53	0.049
5	0.05
7	0.05
54	0.05
6	0.051
37	0.051
46	0.051
22	0.052
38	0.052
47	0.052
7	0.053
55	0.054
38	0.055
32	0.06
43	0.061
23	0.062
39	0.063
40	0.063
52	0.064
39	0.066
40	0.066
56	0.066
8	0.067
22	0.067
38	0.067
64	0.068
8	0.07
9	0.071
24	0.072
33	0.072
48	0.072
64	0.0725
9	0.074
22	0.074
41	0.074
42	0.074
65	0.074
23	0.077
27	0.077
41	0.077
39	0.078
40	0.078
53	0.079
54	0.08
12	0.081
34	0.081
35	0.081
44	0.081
25	0.082
13	0.083
45	0.083
57	0.083
23	0.084
36	0.084
52	0.084
55	0.084
10	0.085
14	0.085
66	0.085
15	0.087
24	0.087
43	0.087
2	0.088
10	0.088
67	0.088
16	0.089
41	0.089
2	0.09
3	0.091
17	0.091
26	0.092
42	0.092
49	0.092
3	0.093
18	0.093
46	0.093
24	0.094
47	0.094
19	0.095
37	0.095
71	0.095
4	0.096
32	0.096
52	0.096
56	0.096
20	0.097
25	0.097
68	0.097
72	0.097
4	0.098
58	0.098
21	0.099
53	0.099
72	0.099
54	0.1
62	0.1
27	0.102
73	0.102
25	0.104
55	0.104
72	0.104
73	0.104
11	0.105
43	0.105
63	0.106
26	0.107
44	0.107
69	0.107
74	0.107
11	0.108
33	0.108
45	0.109
73	0.109
74	0.109
38	0.111
42	0.111
53	0.111
28	0.112
50	0.112
54	0.112
75	0.112
57	0.113
59	0.113
26	0.114
48	0.114
74	0.114
75	0.114
5	0.116
55	0.116
56	0.116
6	0.117
27	0.117
34	0.117
35	0.117
76	0.117
5	0.118
6	0.119
7	0.119
46	0.119
52	0.119
75	0.119
76	0.119
36	0.12
47	0.12
70	0.12
7	0.121
29	0.122
32	0.122
39	0.122
40	0.122
77	0.122
12	0.124
27	0.124
43	0.124
76	0.124
77	0.124
44	0.125
12	0.126
13	0.126
83	0.1265
28	0.127
45	0.127
78	0.127
13	0.128
14	0.128
56	0.128
58	0.128
64	0.128
77	0.129
78	0.129
14	0.13
15	0.13
60	0.13
37	0.131
52	0.131
15	0.132
16	0.132
30	0.132
51	0.132
71	0.132
79	0.132
64	0.1325
41	0.133
57	0.133
84	0.1335
16	0.134
17	0.134
28	0.134
33	0.134
49	0.134
53	0.134
65	0.134
78	0.134
79	0.134
85	0.134
2	0.135
54	0.135
8	0.136
17	0.136
18	0.136
22	0.136
12	0.137
29	0.137
30	0.137
46	0.137
61	0.137
72	0.137
80	0.137
3	0.138
8	0.138
18	0.138
19	0.138
47	0.138
72	0.138
13	0.139
55	0.139
79	0.139
80	0.139
9	0.14
19	0.14
20	0.14
48	0.14
14	0.141
72	0.141
9	0.142
20	0.142
21	0.142
31	0.142
73	0.142
81	0.142
4	0.143
15	0.143
34	0.143
35	0.143
59	0.143
73	0.143
21	0.144
29	0.144
44	0.144
80	0.144
81	0.144
16	0.145
57	0.145
66	0.145
23	0.146
36	0.146
45	0.146
53	0.146
73	0.146
17	0.147
30	0.147
38	0.147
54	0.147
74	0.147
22	0.148
58	0.148
67	0.148
74	0.148
18	0.149
22	0.149
81	0.149
19	0.151
32	0.151
55	0.151
56	0.151
74	0.151
75	0.152
20	0.153
75	0.153
10	0.154
30	0.154
50	0.154
21	0.155
22	0.155
10	0.156
24	0.156
46	0.156
75	0.156
31	0.157
37	0.157
47	0.157
68	0.157
76	0.157
23	0.158
39	0.158
40	0.158
48	0.158
76	0.158
23	0.159
12	0.16
49	0.16
58	0.16
60	0.16
76	0.161
13	0.162
42	0.162
77	0.162
5	0.163
33	0.163
56	0.163
59	0.163
77	0.163
6	0.164
14	0.164
31	0.164
23	0.165
7	0.166
15	0.166
22	0.166
25	0.166
77	0.166
61	0.167
69	0.167
78	0.167
16	0.168
24	0.168
57	0.168
78	0.168
24	0.169
41	0.169
17	0.17
78	0.171
18	0.172
34	0.172
35	0.172
79	0.172
38	0.173
79	0.173
11	0.174
19	0.174
51	0.174
24	0.175
36	0.175
43	0.175
59	0.175
11	0.176
20	0.176
23	0.176
26	0.176
79	0.176
48	0.177
80	0.177
21	0.178
25	0.178
49	0.178
80	0.178
25	0.179
32	0.18
50	0.18
57	0.18
60	0.18
70	0.18
80	0.181
81	0.182
2	0.183
8	0.183
58	0.183
81	0.183
39	0.184
40	0.184
25	0.185
3	0.186
24	0.186
27	0.186
37	0.186
62	0.186
81	0.186
9	0.187
22	0.187
61	0.187
26	0.188
52	0.188
26	0.189
72	0.189
4	0.191
72	0.191
33	0.192
60	0.192
63	0.192
71	0.192
62	0.194
73	0.194
26	0.195
41	0.195
44	0.195
58	0.195
72	0.195
25	0.196
28	0.196
73	0.196
23	0.197
45	0.197
49	0.197
27	0.198
50	0.198
59	0.198
27	0.199
61	0.199
74	0.199
51	0.2
63	0.2
73	0.2
2	0.201
10	0.201
34	0.201
35	0.201
74	0.201
32	0.202
38	0.202
28	0.2025
53	0.203
3	0.204
36	0.204
54	0.204
75	0.204
27	0.205
74	0.205
26	0.206
29	0.206
75	0.206
24	0.207
46	0.207
28	0.208
47	0.208
55	0.208
4	0.209
28	0.209
76	0.209
59	0.21
75	0.21
5	0.211
76	0.211
6	0.212
39	0.213
40	0.213
72	0.213
7	0.214
33	0.214
64	0.214
77	0.214
28	0.215
32	0.215
37	0.215
60	0.215
76	0.215
27	0.216
30	0.216
77	0.216
25	0.217
50	0.217
72	0.217
29	0.218
51	0.218
73	0.218
22	0.219
29	0.219
78	0.219
56	0.22
64	0.22
65	0.22
77	0.22
11	0.221
72	0.221
78	0.221
61	0.222
64	0.222
73	0.222
12	0.223
34	0.223
35	0.223
74	0.223
22	0.224
41	0.224
79	0.224
13	0.225
29	0.225
78	0.225
12	0.226
28	0.226
31	0.226
36	0.226
73	0.226
79	0.226
14	0.227
26	0.227
33	0.227
60	0.227
74	0.227
12	0.228
13	0.228
30	0.228
48	0.228
65	0.228
75	0.228
5	0.229
15	0.229
23	0.229
30	0.229
80	0.229
6	0.23
13	0.23
14	0.23
79	0.23
8	0.231
16	0.231
38	0.231
66	0.231
74	0.231
80	0.231
7	0.232
14	0.232
15	0.232
75	0.232
17	0.233
76	0.233
15	0.234
16	0.234
23	0.234
61	0.234
67	0.234
81	0.234
9	0.235
18	0.235
30	0.235
72	0.235
80	0.235
16	0.236
17	0.236
29	0.236
34	0.236
35	0.236
75	0.236
81	0.236
19	0.237
27	0.237
37	0.237
51	0.237
57	0.237
76	0.237
17	0.238
18	0.238
31	0.238
77	0.238
20	0.239
24	0.239
31	0.239
36	0.239
66	0.239
18	0.24
19	0.24
73	0.24
81	0.24
21	0.241
76	0.241
19	0.242
20	0.242
39	0.242
40	0.242
67	0.242
77	0.242
68	0.243
78	0.243
20	0.244
21	0.244
24	0.244
32	0.244
31	0.245
74	0.245
21	0.246
30	0.246
77	0.246
28	0.247
78	0.247
22	0.248
49	0.248
52	0.248
79	0.248
8	0.249
10	0.249
25	0.249
37	0.25
72	0.25
75	0.25
2	0.251
68	0.251
78	0.251
22	0.252
58	0.252
79	0.252
9	0.253
38	0.253
41	0.253
69	0.253
80	0.253
3	0.254
25	0.254
73	0.255
76	0.255
31	0.256
33	0.256
79	0.256
29	0.257
80	0.257
23	0.258
81	0.258
4	0.259
26	0.259
74	0.26
77	0.26
69	0.261
80	0.261
23	0.262
81	0.262
2	0.263
53	0.263
26	0.264
39	0.264
40	0.264
54	0.264
34	0.265
35	0.265
75	0.265
78	0.265
3	0.266
38	0.266
70	0.266
81	0.266
10	0.267
30	0.267
59	0.267
24	0.268
36	0.268
50	0.268
55	0.268
11	0.269
27	0.269
52	0.27
76	0.27
79	0.27
4	0.271
24	0.272
85	0.2725
27	0.274
70	0.274
41	0.275
77	0.275
80	0.275
31	0.277
39	0.277
40	0.277
25	0.278
71	0.278
5	0.279
28	0.279
37	0.279
6	0.28
56	0.28
78	0.28
81	0.28
7	0.282
25	0.282
28	0.284
60	0.284
53	0.285
79	0.285
54	0.286
71	0.286
11	0.287
26	0.288
41	0.288
51	0.288
1	0.289
29	0.289
55	0.29
80	0.29
5	0.291
61	0.291
6	0.292
26	0.292
93	0.292
7	0.294
29	0.294
38	0.295
81	0.295
57	0.297
27	0.298
62	0.298
8	0.299
30	0.299
27	0.302
56	0.302
9	0.303
30	0.304
63	0.304
12	0.306
39	0.306
40	0.306
72	0.306
13	0.308
28	0.308
31	0.309
62	0.309
72	0.309
14	0.31
8	0.311
73	0.311
15	0.312
28	0.312
58	0.312
16	0.314
31	0.314
73	0.314
83	0.3145
9	0.315
63	0.315
17	0.316
74	0.316
10	0.317
41	0.317
18	0.318
29	0.318
57	0.319
74	0.319
2	0.32
19	0.32
75	0.321
20	0.322
29	0.322
3	0.323
21	0.324
75	0.324
64	0.326
76	0.326
32	0.327
59	0.327
4	0.328
30	0.328
10	0.329
76	0.329
77	0.331
30	0.332
62	0.332
65	0.332
58	0.334
77	0.334
42	0.336
62	0.336
78	0.336
11	0.337
64	0.337
31	0.338
63	0.338
33	0.339
42	0.339
78	0.339
79	0.341
31	0.342
63	0.342
65	0.343
66	0.343
60	0.344
79	0.344
67	0.346
80	0.346
5	0.348
34	0.348
35	0.348
6	0.349
11	0.349
43	0.349
59	0.349
80	0.349
32	0.35
7	0.351
36	0.351
61	0.351
81	0.351
43	0.352
66	0.354
81	0.354
68	0.355
2	0.357
67	0.357
3	0.36
64	0.36
32	0.362
33	0.362
37	0.362
22	0.363
64	0.364
4	0.365
69	0.365
60	0.366
65	0.366
68	0.366
12	0.367
8	0.368
72	0.368
13	0.369
44	0.369
52	0.369
65	0.37
14	0.371
34	0.371
35	0.371
45	0.371
85	0.371
9	0.372
42	0.372
44	0.372
15	0.373
23	0.373
61	0.373
73	0.373
33	0.374
36	0.374
45	0.374
16	0.375
69	0.376
17	0.377
66	0.377
38	0.378
70	0.378
74	0.378
18	0.379
67	0.38
19	0.381
22	0.381
46	0.381
66	0.381
72	0.381
47	0.382
20	0.383
24	0.383
34	0.383
35	0.383
75	0.383
46	0.384
53	0.384
67	0.384
5	0.385
21	0.385
37	0.385
43	0.385
47	0.385
54	0.385
6	0.386
10	0.386
36	0.386
72	0.386
73	0.386
7	0.388
76	0.388
32	0.389
39	0.389
40	0.389
55	0.389
68	0.389
70	0.389
71	0.39
22	0.391
23	0.391
73	0.391
74	0.391
2	0.392
42	0.392
25	0.393
68	0.393
77	0.393
3	0.395
72	0.395
74	0.396
75	0.396
48	0.3965
37	0.397
78	0.398
69	0.399
4	0.4
41	0.4
73	0.4
23	0.401
24	0.401
33	0.401
38	0.401
56	0.401
71	0.401
75	0.401
76	0.401
32	0.402
42	0.402
48	0.402
26	0.403
69	0.403
79	0.403
8	0.405
12	0.405
43	0.405
44	0.405
48	0.405
74	0.405
11	0.406
76	0.406
77	0.406
13	0.407
45	0.407
80	0.408
9	0.409
14	0.409
62	0.409
34	0.41
35	0.41
75	0.41
15	0.411
24	0.411
25	0.411
77	0.411
78	0.411
39	0.412
40	0.412
70	0.412
16	0.413
27	0.413
36	0.413
38	0.413
81	0.413
33	0.414
17	0.415
42	0.415
43	0.415
63	0.415
76	0.415
70	0.416
78	0.416
79	0.416
18	0.417
46	0.417
47	0.418
57	0.418
19	0.419
5	0.42
77	0.42
6	0.421
20	0.421
25	0.421
26	0.421
79	0.421
80	0.421
49	0.422
7	0.423
10	0.423
21	0.423
28	0.423
34	0.423
35	0.423
41	0.423
37	0.424
39	0.424
40	0.424
71	0.424
44	0.425
49	0.425
62	0.425
78	0.425
36	0.426
80	0.426
81	0.426
45	0.427
43	0.428
71	0.428
79	0.43
26	0.431
27	0.431
63	0.431
81	0.431
29	0.433
58	0.433
41	0.435
44	0.435
52	0.435
80	0.435
84	0.435
37	0.437
45	0.437
46	0.437
64	0.437
47	0.438
48	0.438
8	0.44
38	0.44
81	0.44
27	0.441
28	0.441
50	0.442
64	0.4425
11	0.443
30	0.443
65	0.443
9	0.444
50	0.445
12	0.446
46	0.447
13	0.448
44	0.448
47	0.448
59	0.448
14	0.45
45	0.45
53	0.45
28	0.451
29	0.451
39	0.451
40	0.451
54	0.451
12	0.452
15	0.452
31	0.453
38	0.453
64	0.453
16	0.454
66	0.454
55	0.455
17	0.456
67	0.457
10	0.458
14	0.458
18	0.458
48	0.458
49	0.458
65	0.459
19	0.46
46	0.46
93	0.46
29	0.461
30	0.461
47	0.461
20	0.462
41	0.462
51	0.462
21	0.464
39	0.464
40	0.464
51	0.465
60	0.465
68	0.466
22	0.467
56	0.467
22	0.468
48	0.468
66	0.47
30	0.471
31	0.471
22	0.472
42	0.472
61	0.472
67	0.473
41	0.475
62	0.476
69	0.476
23	0.477
11	0.478
23	0.478
49	0.478
50	0.478
62	0.48
31	0.481
48	0.481
72	0.481
23	0.482
63	0.482
68	0.482
57	0.484
43	0.485
63	0.486
73	0.486
24	0.487
24	0.488
49	0.488
62	0.488
70	0.489
62	0.491
74	0.491
22	0.492
24	0.492
69	0.492
63	0.494
72	0.494
75	0.496
25	0.497
63	0.497
25	0.498
50	0.498
51	0.498
58	0.499
73	0.499
49	0.501
71	0.501
76	0.501
23	0.502
25	0.502
64	0.504
74	0.504
44	0.505
70	0.505
32	0.506
77	0.506
26	0.507
45	0.507
26	0.508
50	0.508
64	0.508
75	0.509
65	0.51
78	0.511
24	0.512
26	0.512
42	0.514
59	0.514
65	0.514
76	0.514
64	0.516
79	0.516
27	0.517
46	0.517
71	0.517
27	0.518
33	0.518
47	0.518
51	0.518
22	0.519
52	0.519
64	0.519
77	0.519
50	0.521
66	0.521
80	0.521
25	0.522
27	0.522
65	0.522
67	0.524
78	0.524
65	0.525
66	0.525
81	0.526
28	0.527
34	0.527
35	0.527
43	0.527
28	0.528
51	0.528
67	0.528
23	0.529
79	0.529
12	0.53
36	0.53
22	0.531
60	0.531
13	0.532
26	0.532
28	0.532
66	0.533
68	0.533
14	0.534
53	0.534
80	0.534
12	0.5345
54	0.535
12	0.536
15	0.536
66	0.536
67	0.536
29	0.537
68	0.537
13	0.538
16	0.538
29	0.538
48	0.538
61	0.538
24	0.539
55	0.539
67	0.539
81	0.539
14	0.5395
14	0.54
17	0.54
23	0.541
37	0.541
51	0.541
15	0.542
18	0.542
27	0.542
29	0.542
69	0.543
72	0.543
84	0.543
16	0.544
19	0.544
62	0.545
68	0.545
17	0.546
20	0.546
30	0.547
44	0.547
69	0.547
2	0.548
18	0.548
21	0.548
30	0.548
62	0.548
68	0.548
73	0.548
25	0.549
45	0.549
19	0.55
3	0.551
24	0.551
56	0.551
63	0.551
20	0.552
28	0.552
30	0.552
83	0.5525
12	0.553
74	0.553
21	0.554
63	0.554
13	0.555
69	0.555
4	0.556
70	0.556
14	0.557
31	0.557
32	0.557
38	0.557
31	0.558
49	0.558
69	0.558
75	0.558
15	0.559
26	0.559
46	0.559
47	0.56
70	0.56
16	0.561
25	0.561
29	0.562
31	0.562
2	0.563
17	0.563
76	0.563
18	0.565
3	0.566
19	0.567
32	0.567
39	0.568
40	0.568
57	0.568
70	0.568
71	0.568
77	0.568
20	0.569
27	0.569
33	0.569
4	0.571
21	0.571
26	0.571
70	0.571
30	0.572
71	0.572
52	0.573
64	0.573
78	0.573
5	0.576
64	0.576
72	0.576
6	0.577
34	0.578
35	0.578
50	0.578
79	0.578
7	0.579
28	0.579
33	0.579
41	0.579
65	0.579
48	0.58
71	0.58
27	0.581
36	0.581
73	0.581
31	0.582
65	0.582
58	0.583
71	0.583
80	0.583
8	0.5835
42	0.584
74	0.586
52	0.587
2	0.588
34	0.588
35	0.588
42	0.588
53	0.588
81	0.588
29	0.589
54	0.589
32	0.59
66	0.59
3	0.591
5	0.591
28	0.591
36	0.591
75	0.591
2	0.592
6	0.592
37	0.592
55	0.593
66	0.593
67	0.593
7	0.594
3	0.595
62	0.595
4	0.596
8	0.596
52	0.596
67	0.596
76	0.596
43	0.597
51	0.598
59	0.598
30	0.599
4	0.6
9	0.6
49	0.6
29	0.601
43	0.601
63	0.601
77	0.601
93	0.6015
33	0.602
37	0.602
53	0.602
68	0.602
72	0.602
42	0.603
54	0.603
56	0.605
68	0.605
78	0.606
55	0.607
73	0.607
22	0.608
38	0.608
31	0.609
42	0.609
8	0.611
30	0.611
34	0.611
35	0.611
53	0.611
79	0.611
54	0.612
69	0.612
74	0.612
10	0.614
36	0.614
9	0.615
60	0.615
69	0.615
5	0.616
43	0.616
55	0.616
80	0.616
6	0.617
44	0.617
75	0.617
23	0.618
38	0.618
7	0.619
39	0.619
40	0.619
45	0.619
56	0.619
5	0.62
50	0.62
6	0.621
22	0.621
31	0.621
44	0.621
81	0.621
43	0.622
57	0.622
61	0.622
76	0.622
90	0.622
7	0.623
22	0.623
45	0.623
64	0.623
32	0.624
2	0.625
37	0.625
70	0.625
42	0.627
77	0.627
3	0.628
24	0.628
32	0.628
56	0.628
70	0.628
10	0.629
39	0.629
40	0.629
46	0.629
65	0.629
41	0.63
47	0.63
23	0.631
78	0.632
4	0.633
22	0.633
23	0.633
46	0.633
11	0.634
47	0.634
8	0.636
33	0.636
44	0.636
57	0.636
32	0.637
58	0.637
71	0.637
79	0.637
25	0.638
45	0.638
8	0.64
9	0.64
33	0.64
41	0.64
43	0.64
51	0.64
66	0.64
71	0.64
24	0.641
38	0.641
44	0.642
80	0.642
23	0.643
24	0.643
67	0.643
9	0.644
45	0.644
34	0.645
35	0.645
57	0.645
81	0.647
26	0.648
36	0.648
46	0.648
11	0.649
33	0.649
34	0.649
35	0.649
47	0.649
85	0.6495
48	0.65
62	0.65
25	0.651
58	0.651
36	0.652
39	0.652
40	0.652
59	0.652
68	0.652
5	0.653
24	0.653
25	0.653
6	0.654
10	0.654
46	0.654
48	0.654
47	0.655
7	0.656
62	0.656
63	0.656
12	0.657
10	0.658
27	0.658
34	0.658
35	0.658
13	0.659
37	0.659
44	0.66
58	0.66
14	0.661
26	0.661
36	0.661
42	0.661
62	0.661
45	0.662
63	0.662
69	0.662
15	0.663
25	0.663
26	0.663
37	0.663
41	0.663
16	0.665
22	0.665
14	0.6655
59	0.666
17	0.667
63	0.667
28	0.668
18	0.669
48	0.669
60	0.669
2	0.67
49	0.67
19	0.671
27	0.671
37	0.672
46	0.672
3	0.673
8	0.673
20	0.673
26	0.673
27	0.673
47	0.673
11	0.674
43	0.674
49	0.674
21	0.675
22	0.675
23	0.675
38	0.675
48	0.675
52	0.675
59	0.675
70	0.675
61	0.676
9	0.677
4	0.678
11	0.678
29	0.678
64	0.678
93	0.6785
38	0.679
28	0.681
32	0.682
72	0.682
27	0.683
28	0.683
60	0.683
64	0.684
65	0.684
83	0.684
23	0.685
24	0.685
39	0.686
40	0.686
32	0.687
71	0.687
73	0.687
30	0.688
38	0.688
49	0.689
64	0.689
32	0.69
39	0.69
40	0.69
50	0.69
53	0.69
61	0.69
65	0.69
10	0.691
29	0.691
54	0.691
60	0.692
74	0.692
28	0.693
29	0.693
48	0.693
33	0.694
44	0.694
50	0.694
24	0.695
25	0.695
49	0.695
55	0.695
65	0.695
66	0.695
45	0.696
41	0.697
75	0.697
5	0.698
31	0.698
67	0.698
6	0.699
33	0.699
39	0.699
40	0.699
61	0.699
7	0.701
30	0.701
41	0.701
66	0.701
33	0.702
76	0.702
29	0.703
30	0.703
34	0.703
35	0.703
67	0.704
25	0.705
26	0.705
36	0.706
46	0.706
66	0.706
47	0.707
56	0.707
68	0.707
77	0.707
12	0.708
34	0.708
35	0.708
50	0.709
67	0.709
13	0.71
41	0.71
42	0.71
51	0.71
11	0.711
31	0.711
32	0.711
34	0.711
35	0.711
36	0.711
14	0.712
22	0.712
72	0.712
78	0.712
2	0.713
30	0.713
31	0.713
49	0.713
68	0.713
15	0.714
36	0.714
51	0.714
26	0.715
27	0.715
50	0.715
3	0.716
16	0.716
37	0.717
69	0.717
73	0.717
79	0.717
8	0.718
17	0.718
68	0.718
18	0.72
4	0.721
9	0.722
19	0.722
23	0.722
37	0.722
74	0.722
80	0.722
31	0.723
33	0.723
43	0.723
69	0.723
20	0.724
57	0.724
27	0.725
28	0.725
37	0.725
21	0.726
42	0.727
48	0.727
75	0.727
81	0.727
69	0.728
51	0.729
22	0.73
70	0.73
24	0.732
34	0.732
35	0.732
76	0.732
38	0.733
50	0.733
28	0.735
29	0.735
36	0.735
51	0.735
10	0.736
70	0.736
77	0.737
38	0.738
58	0.739
23	0.74
43	0.74
5	0.741
38	0.741
70	0.741
6	0.742
25	0.742
71	0.742
78	0.742
44	0.743
2	0.744
7	0.744
39	0.744
40	0.744
29	0.745
30	0.745
45	0.745
37	0.746
3	0.747
49	0.747
79	0.747
71	0.748
32	0.749
39	0.749
40	0.749
24	0.75
42	0.751
4	0.752
26	0.752
39	0.752
40	0.752
80	0.752
51	0.753
71	0.753
59	0.754
30	0.755
31	0.755
41	0.755
46	0.755
11	0.756
47	0.756
81	0.757
25	0.76
41	0.76
44	0.76
8	0.761
33	0.761
93	0.7615
27	0.762
38	0.762
45	0.762
41	0.763
43	0.764
52	0.764
9	0.765
31	0.765
50	0.767
26	0.77
34	0.77
35	0.77
32	0.771
60	0.771
5	0.772
28	0.772
46	0.772
6	0.773
36	0.773
39	0.773
40	0.773
47	0.773
7	0.775
48	0.776
61	0.778
10	0.779
22	0.779
53	0.779
27	0.78
54	0.78
29	0.782
33	0.783
62	0.783
37	0.784
41	0.784
44	0.784
55	0.784
45	0.786
51	0.787
23	0.789
63	0.789
28	0.79
32	0.791
8	0.792
30	0.792
34	0.792
35	0.792
62	0.792
48	0.793
36	0.795
9	0.796
46	0.796
49	0.796
56	0.796
47	0.797
63	0.798
11	0.799
24	0.799
29	0.8
38	0.8
31	0.802
33	0.803
12	0.806
37	0.806
13	0.808
72	0.808
25	0.809
10	0.81
14	0.81
30	0.81
39	0.811
40	0.811
64	0.811
15	0.812
34	0.812
35	0.812
49	0.813
57	0.813
62	0.813
73	0.813
2	0.814
16	0.814
36	0.815
64	0.815
17	0.816
50	0.816
3	0.817
48	0.817
65	0.817
18	0.818
74	0.818
26	0.819
63	0.819
19	0.82
31	0.82
64	0.82
83	0.8205
17	0.8215
4	0.822
20	0.822
38	0.822
41	0.822
75	0.823
21	0.824
37	0.826
62	0.826
65	0.826
58	0.828
66	0.828
76	0.828
27	0.829
11	0.83
67	0.831
63	0.832
39	0.833
40	0.833
50	0.833
77	0.833
51	0.836
49	0.837
66	0.837
62	0.838
78	0.838
28	0.839
67	0.84
68	0.84
2	0.841
52	0.841
64	0.841
5	0.842
38	0.842
28	0.8425
6	0.843
59	0.843
79	0.843
3	0.844
41	0.844
63	0.844
7	0.845
2	0.846
65	0.847
72	0.847
2	0.848
80	0.848
3	0.849
4	0.849
29	0.849
68	0.849
69	0.85
3	0.851
73	0.852
39	0.853
40	0.853
51	0.853
81	0.853
4	0.854
64	0.854
22	0.855
72	0.855
4	0.856
53	0.856
50	0.857
54	0.857
74	0.857
52	0.858
66	0.858
30	0.859
69	0.859
32	0.86
60	0.86
65	0.86
73	0.86
84	0.86
55	0.861
67	0.861
8	0.862
62	0.862
75	0.862
70	0.863
12	0.864
22	0.864
41	0.864
23	0.865
74	0.865
93	0.8655
9	0.866
13	0.866
64	0.866
61	0.867
76	0.867
14	0.868
62	0.868
63	0.868
5	0.869
31	0.869
6	0.87
15	0.87
68	0.87
75	0.87
64	0.8705
66	0.871
7	0.872
16	0.872
33	0.872
65	0.872
70	0.872
77	0.872
85	0.872
53	0.873
56	0.873
5	0.874
12	0.874
17	0.874
23	0.874
54	0.874
63	0.874
67	0.874
6	0.875
24	0.875
71	0.875
76	0.875
5	0.876
13	0.876
18	0.876
6	0.877
7	0.877
51	0.877
78	0.877
14	0.878
19	0.878
55	0.878
7	0.879
10	0.88
15	0.88
20	0.88
69	0.88
77	0.88
12	0.881
34	0.881
35	0.881
16	0.882
21	0.882
62	0.882
79	0.882
14	0.8825
13	0.883
66	0.883
68	0.883
2	0.884
17	0.884
24	0.884
36	0.884
71	0.884
14	0.885
25	0.885
42	0.885
78	0.885
18	0.886
67	0.886
3	0.887
15	0.887
80	0.887
19	0.888
63	0.888
8	0.889
16	0.889
42	0.8895
20	0.89
56	0.89
57	0.89
64	0.89
79	0.89
17	0.891
4	0.892
21	0.892
81	0.892
9	0.893
18	0.893
69	0.893
70	0.893
8	0.894
25	0.894
19	0.895
26	0.895
37	0.895
68	0.895
80	0.895
8	0.896
64	0.896
65	0.896
20	0.897
9	0.898
43	0.898
21	0.899
9	0.9
11	0.9
81	0.9
12	0.901
65	0.902
13	0.903
26	0.904
42	0.904
72	0.904
14	0.905
27	0.905
52	0.905
58	0.905
69	0.905
71	0.905
70	0.906
10	0.907
15	0.907
57	0.907
66	0.907
16	0.909
73	0.909
64	0.91
67	0.91
17	0.911
38	0.911
5	0.912
10	0.912
6	0.913
18	0.913
66	0.913
10	0.914
27	0.914
74	0.914
7	0.915
19	0.915
28	0.915
65	0.916
67	0.916
72	0.916
12	0.917
20	0.917
43	0.917
52	0.917
44	0.918
70	0.918
71	0.918
13	0.919
21	0.919
68	0.919
75	0.919
45	0.92
53	0.92
59	0.92
14	0.921
54	0.921
72	0.921
73	0.921
39	0.922
40	0.922
58	0.922
15	0.923
28	0.924
76	0.924
16	0.925
29	0.925
55	0.925
68	0.925
73	0.926
74	0.926
11	0.927
17	0.927
66	0.927
18	0.929
52	0.929
69	0.929
77	0.929
83	0.929
46	0.93
67	0.93
71	0.93
19	0.931
47	0.931
74	0.931
75	0.931
8	0.932
11	0.932
53	0.932
2	0.933
20	0.933
41	0.933
54	0.933
11	0.934
29	0.934
78	0.934
21	0.935
30	0.935
52	0.935
69	0.935
3	0.936
9	0.936
75	0.936
76	0.936
44	0.937
55	0.937
56	0.937
59	0.937
60	0.937
22	0.938
45	0.939
68	0.939
79	0.939
4	0.941
22	0.941
76	0.941
77	0.941
70	0.942
30	0.944
53	0.944
61	0.944
80	0.944
31	0.945
54	0.945
77	0.946
78	0.946
23	0.948
52	0.948
70	0.948
46	0.949
55	0.949
56	0.949
69	0.949
81	0.949
10	0.95
47	0.95
53	0.95
1	0.951
23	0.951
32	0.951
48	0.951
54	0.951
78	0.951
79	0.951
31	0.954
57	0.954
60	0.954
71	0.954
55	0.955
79	0.956
80	0.956
24	0.958
32	0.958
22	0.959
71	0.96
5	0.961
24	0.961
56	0.961
61	0.961
80	0.961
81	0.961
6	0.962
70	0.962
33	0.963
53	0.963
7	0.964
12	0.964
54	0.964
13	0.966
57	0.966
81	0.966
42	0.967
56	0.967
14	0.968
25	0.968
55	0.968
23	0.969
58	0.969
11	0.97
15	0.97
33	0.97
48	0.97
25	0.971
49	0.971
16	0.972
34	0.972
35	0.972
17	0.974
71	0.974
2	0.975
36	0.975
18	0.976
3	0.978
19	0.978
26	0.978
57	0.978
24	0.979
34	0.979
35	0.979
20	0.98
43	0.98
56	0.98
8	0.981
12	0.981
26	0.981
58	0.981
84	0.9815
21	0.982
36	0.982
4	0.983
13	0.983
57	0.984
59	0.984
9	0.985
14	0.985
22	0.985
37	0.986
15	0.987
27	0.988
16	0.989
25	0.989
32	0.989
49	0.99
52	0.99
17	0.991
27	0.991
50	0.991
18	0.993
37	0.993
58	0.993
19	0.995
23	0.995
42	0.996
59	0.996
20	0.997
57	0.997
28	0.998
10	0.999
21	0.999
26	0.999
58	0.999
44	1
28	1.001
33	1.001
60	1.001
32	1.002
38	1.002
45	1.002
5	1.003
6	1.004
52	1.004
24	1.005
53	1.005
7	1.006
54	1.006
29	1.008
59	1.008
61	1.008
27	1.009
38	1.009
43	1.009
34	1.01
35	1.01
50	1.01
55	1.01
29	1.011
51	1.011
46	1.012
58	1.012
36	1.013
39	1.013
40	1.013
47	1.013
60	1.013
33	1.014
59	1.014
25	1.015
30	1.018
11	1.019
28	1.019
53	1.019
39	1.02
40	1.02
54	1.02
61	1.02
2	1.021
30	1.021
52	1.022
56	1.022
8	1.023
34	1.023
35	1.023
3	1.024
37	1.024
41	1.024
55	1.024
93	1.024
26	1.025
60	1.025
36	1.026
9	1.027
59	1.027
31	1.028
2	1.029
4	1.029
29	1.029
44	1.029
22	1.03
51	1.03
62	1.03
31	1.031
41	1.031
45	1.031
60	1.031
72	1.031
3	1.032
32	1.032
61	1.032
48	1.033
27	1.035
56	1.036
63	1.036
73	1.036
4	1.037
37	1.037
53	1.037
54	1.038
61	1.038
2	1.039
30	1.039
57	1.039
23	1.04
38	1.04
10	1.041
46	1.041
74	1.041
3	1.042
47	1.042
55	1.042
33	1.044
52	1.044
60	1.044
28	1.045
72	1.045
75	1.046
4	1.047
5	1.049
31	1.049
6	1.05
24	1.05
73	1.05
39	1.051
40	1.051
61	1.051
76	1.051
7	1.052
34	1.053
35	1.053
38	1.053
49	1.053
57	1.053
56	1.054
58	1.054
29	1.055
74	1.055
36	1.056
77	1.056
5	1.057
35	1.057
6	1.058
64	1.058
53	1.059
2	1.06
7	1.06
25	1.06
54	1.06
75	1.06
11	1.061
12	1.061
42	1.061
64	1.061
78	1.061
41	1.062
48	1.062
3	1.063
13	1.063
39	1.064
40	1.064
55	1.064
65	1.064
14	1.065
30	1.065
76	1.065
12	1.066
79	1.066
5	1.067
15	1.067
37	1.067
42	1.067
4	1.068
6	1.068
13	1.068
58	1.068
85	1.0685
8	1.069
16	1.069
59	1.069
7	1.07
14	1.07
26	1.07
77	1.07
17	1.071
57	1.071
80	1.071
15	1.072
9	1.073
18	1.073
50	1.073
16	1.074
43	1.074
19	1.075
31	1.075
32	1.075
41	1.075
66	1.075
78	1.075
17	1.076
42	1.076
56	1.076
81	1.076
8	1.077
20	1.077
18	1.078
67	1.078
21	1.079
83	1.079
19	1.08
27	1.08
43	1.08
79	1.08
9	1.081
12	1.081
20	1.082
49	1.082
52	1.082
13	1.083
38	1.083
59	1.083
21	1.084
14	1.085
80	1.085
58	1.086
60	1.086
8	1.087
10	1.087
15	1.087
32	1.087
33	1.087
42	1.087
68	1.087
5	1.088
6	1.089
16	1.089
43	1.089
12	1.09
28	1.09
81	1.09
7	1.091
9	1.091
17	1.091
13	1.092
18	1.093
51	1.093
57	1.093
61	1.093
14	1.094
22	1.094
39	1.094
40	1.094
44	1.094
10	1.095
19	1.095
2	1.096
15	1.096
34	1.096
35	1.096
45	1.096
20	1.097
53	1.097
69	1.097
84	1.0975
16	1.098
54	1.098
3	1.099
12	1.099
21	1.099
33	1.099
36	1.099
51	1.099
17	1.1
29	1.1
43	1.1
44	1.1
60	1.1
62	1.1
13	1.101
59	1.101
18	1.102
45	1.102
50	1.102
55	1.102
14	1.103
4	1.104
19	1.104
23	1.104
32	1.104
10	1.105
15	1.105
41	1.105
20	1.106
46	1.106
63	1.106
11	1.107
16	1.107
42	1.107
47	1.107
61	1.107
8	1.108
21	1.108
32	1.108
34	1.108
35	1.108
58	1.108
17	1.109
22	1.109
44	1.109
30	1.11
37	1.11
70	1.11
18	1.111
36	1.111
45	1.111
9	1.112
46	1.112
19	1.113
47	1.113
24	1.114
56	1.114
11	1.115
20	1.115
33	1.116
21	1.117
60	1.118
62	1.118
23	1.119
31	1.12
33	1.12
43	1.12
44	1.12
46	1.121
37	1.122
45	1.122
47	1.122
51	1.122
71	1.122
59	1.123
5	1.124
25	1.124
63	1.124
6	1.125
11	1.125
34	1.125
35	1.125
52	1.125
61	1.125
10	1.126
38	1.126
72	1.126
7	1.127
48	1.127
36	1.128
64	1.128
24	1.129
34	1.129
35	1.129
22	1.13
32	1.13
57	1.131
73	1.131
36	1.132
46	1.132
64	1.1325
47	1.133
48	1.133
26	1.134
65	1.134
74	1.136
39	1.137
40	1.137
38	1.138
25	1.139
37	1.139
23	1.14
42	1.14
44	1.14
53	1.14
60	1.14
54	1.141
75	1.141
33	1.142
45	1.142
48	1.142
37	1.143
8	1.144
27	1.144
55	1.145
66	1.145
11	1.146
58	1.146
64	1.146
76	1.146
49	1.147
61	1.147
9	1.148
41	1.148
67	1.148
26	1.149
39	1.149
40	1.149
24	1.15
34	1.151
35	1.151
77	1.151
46	1.152
65	1.152
12	1.153
43	1.153
47	1.153
48	1.153
49	1.153
28	1.154
36	1.154
13	1.155
38	1.155
78	1.156
14	1.157
56	1.157
68	1.157
12	1.158
28	1.158
2	1.159
15	1.159
27	1.159
38	1.159
13	1.16
25	1.16
41	1.16
16	1.161
42	1.161
59	1.161
79	1.161
3	1.162
10	1.162
14	1.162
49	1.162
17	1.163
66	1.163
15	1.164
29	1.164
18	1.165
37	1.165
16	1.166
39	1.166
40	1.166
67	1.166
80	1.166
4	1.167
19	1.167
50	1.167
52	1.167
69	1.167
17	1.168
72	1.168
2	1.169
20	1.169
28	1.169
2	1.17
18	1.17
26	1.17
39	1.17
40	1.17
21	1.171
81	1.171
3	1.172
19	1.172
3	1.173
32	1.173
44	1.173
48	1.173
49	1.173
50	1.173
73	1.173
20	1.174
30	1.174
43	1.174
57	1.174
45	1.175
68	1.175
21	1.176
22	1.176
4	1.177
41	1.177
4	1.178
60	1.178
74	1.178
87	1.178
29	1.179
27	1.18
70	1.18
38	1.181
41	1.181
52	1.181
62	1.181
11	1.182
50	1.182
53	1.182
54	1.183
75	1.183
31	1.184
33	1.185
46	1.185
61	1.185
69	1.185
23	1.186
47	1.186
5	1.187
51	1.187
55	1.187
63	1.187
6	1.188
76	1.188
30	1.189
58	1.189
7	1.19
28	1.19
62	1.19
12	1.192
39	1.192
40	1.192
71	1.192
49	1.193
50	1.193
51	1.193
77	1.193
83	1.193
13	1.194
34	1.194
35	1.194
44	1.194
14	1.196
24	1.196
45	1.196
53	1.196
63	1.196
5	1.197
36	1.197
54	1.197
5	1.198
6	1.198
15	1.198
52	1.198
70	1.198
78	1.198
6	1.199
31	1.199
56	1.199
7	1.2
16	1.2
29	1.2
7	1.201
55	1.201
17	1.202
51	1.202
2	1.203
32	1.203
41	1.203
79	1.203
18	1.204
59	1.204
3	1.206
19	1.206
25	1.206
46	1.206
48	1.206
8	1.207
47	1.207
20	1.208
37	1.208
80	1.208
64	1.209
21	1.21
30	1.21
71	1.21
4	1.211
9	1.211
62	1.212
50	1.213
51	1.213
53	1.213
56	1.213
81	1.213
54	1.214
33	1.215
65	1.215
93	1.2155
26	1.216
57	1.216
8	1.217
8	1.218
55	1.218
63	1.218
64	1.218
31	1.22
2	1.221
9	1.221
60	1.221
9	1.222
3	1.224
34	1.224
35	1.224
38	1.224
65	1.224
10	1.225
27	1.226
49	1.226
66	1.226
36	1.227
48	1.227
61	1.228
4	1.229
67	1.229
56	1.23
57	1.23
5	1.231
58	1.231
6	1.232
51	1.233
7	1.234
10	1.235
39	1.235
40	1.235
66	1.235
10	1.236
22	1.236
28	1.236
37	1.238
67	1.238
68	1.238
64	1.24
85	1.241
32	1.243
11	1.245
58	1.245
23	1.246
29	1.246
41	1.246
50	1.246
59	1.246
65	1.246
49	1.247
57	1.247
68	1.247
2	1.248
22	1.248
69	1.248
5	1.249
6	1.25
3	1.251
8	1.251
62	1.251
7	1.252
38	1.254
52	1.254
9	1.255
11	1.255
33	1.255
62	1.255
4	1.256
11	1.256
24	1.256
30	1.256
72	1.256
63	1.257
66	1.257
69	1.257
23	1.258
59	1.26
67	1.26
12	1.261
52	1.261
63	1.261
70	1.261
73	1.261
58	1.262
13	1.263
60	1.263
34	1.264
35	1.264
14	1.265
39	1.265
40	1.265
25	1.266
31	1.266
51	1.266
74	1.266
15	1.267
36	1.267
50	1.267
24	1.268
8	1.269
10	1.269
16	1.269
53	1.269
68	1.269
22	1.27
52	1.27
54	1.27
61	1.27
70	1.27
83	1.27
89	1.2705
17	1.271
75	1.271
9	1.273
18	1.273
71	1.273
55	1.274
19	1.275
5	1.276
26	1.276
41	1.276
53	1.276
76	1.276
6	1.277
17	1.277
20	1.277
54	1.277
59	1.277
60	1.277
25	1.278
37	1.278
7	1.279
21	1.279
64	1.279
69	1.279
23	1.28
55	1.281
77	1.281
71	1.282
64	1.283
72	1.283
61	1.284
53	1.285
65	1.285
27	1.286
54	1.286
56	1.286
78	1.286
10	1.287
51	1.287
26	1.288
72	1.288
73	1.288
11	1.289
65	1.289
24	1.29
55	1.29
79	1.291
70	1.292
56	1.293
73	1.293
74	1.293
38	1.294
60	1.294
8	1.296
28	1.296
66	1.296
80	1.296
27	1.298
74	1.298
75	1.298
67	1.299
9	1.3
25	1.3
66	1.3
61	1.301
81	1.301
56	1.302
57	1.303
67	1.303
75	1.303
76	1.303
71	1.304
39	1.305
40	1.305
29	1.306
11	1.307
28	1.308
68	1.308
76	1.308
77	1.308
26	1.31
57	1.31
62	1.311
68	1.312
12	1.313
77	1.313
78	1.313
85	1.3135
10	1.314
13	1.315
30	1.316
32	1.316
41	1.316
14	1.317
63	1.317
29	1.318
58	1.318
69	1.318
78	1.318
79	1.318
15	1.319
57	1.319
27	1.32
14	1.321
16	1.321
69	1.322
17	1.323
79	1.323
80	1.323
18	1.325
58	1.325
62	1.325
31	1.326
19	1.327
30	1.328
33	1.328
80	1.328
81	1.328
20	1.329
28	1.33
21	1.331
63	1.331
70	1.331
59	1.333
81	1.333
11	1.334
58	1.334
70	1.335
34	1.337
35	1.337
31	1.338
52	1.338
64	1.339
29	1.34
36	1.34
59	1.34
22	1.341
2	1.342
71	1.343
22	1.344
3	1.345
65	1.345
71	1.347
59	1.349
4	1.35
22	1.35
30	1.35
60	1.35
23	1.351
37	1.351
53	1.353
64	1.353
23	1.354
54	1.354
66	1.356
60	1.357
61	1.357
55	1.358
93	1.358
65	1.359
67	1.359
23	1.36
31	1.36
24	1.361
24	1.364
61	1.364
60	1.366
38	1.367
68	1.368
5	1.37
24	1.37
56	1.37
66	1.37
6	1.371
25	1.371
32	1.372
7	1.373
61	1.373
67	1.373
25	1.374
39	1.378
40	1.378
69	1.378
25	1.38
26	1.381
42	1.381
68	1.382
26	1.384
33	1.384
42	1.384
2	1.385
22	1.386
42	1.386
57	1.387
3	1.388
62	1.388
41	1.389
8	1.39
26	1.39
27	1.391
70	1.391
42	1.392
69	1.392
4	1.393
34	1.393
35	1.393
9	1.394
27	1.394
43	1.394
63	1.394
23	1.396
36	1.396
43	1.397
35	1.3975
46	1.3975
32	1.398
43	1.399
27	1.4
72	1.4
47	1.4005
2	1.401
12	1.401
28	1.401
58	1.402
13	1.403
71	1.403
3	1.404
28	1.404
14	1.405
43	1.405
70	1.405
73	1.405
24	1.406
15	1.407
37	1.407
10	1.408
22	1.408
4	1.409
16	1.409
28	1.41
33	1.41
74	1.41
85	1.41
17	1.411
29	1.411
75	1.4125
5	1.413
18	1.413
52	1.413
6	1.414
29	1.414
44	1.414
19	1.415
75	1.415
17	1.4155
7	1.416
25	1.416
45	1.416
64	1.416
20	1.417
44	1.417
59	1.417
71	1.417
23	1.418
32	1.418
21	1.419
34	1.419
35	1.419
44	1.419
45	1.419
29	1.42
76	1.42
30	1.421
45	1.421
36	1.422
65	1.422
72	1.422
38	1.423
30	1.424
44	1.425
77	1.425
26	1.426
46	1.426
45	1.427
47	1.427
73	1.427
11	1.428
24	1.428
53	1.428
5	1.429
46	1.429
54	1.429
6	1.43
30	1.43
33	1.43
47	1.43
78	1.43
22	1.431
31	1.431
46	1.431
2	1.432
7	1.432
47	1.432
74	1.432
8	1.433
37	1.433
42	1.433
55	1.433
66	1.433
2	1.434
31	1.434
39	1.434
40	1.434
60	1.434
3	1.435
79	1.435
27	1.436
67	1.436
3	1.437
9	1.437
46	1.437
75	1.437
25	1.438
47	1.438
34	1.439
35	1.439
4	1.44
31	1.44
32	1.44
80	1.44
2	1.441
23	1.441
61	1.441
62	1.441
4	1.442
36	1.442
76	1.442
3	1.444
32	1.444
41	1.445
56	1.445
68	1.445
81	1.445
28	1.446
43	1.446
48	1.447
63	1.447
77	1.447
26	1.448
4	1.449
8	1.449
38	1.449
48	1.45
10	1.451
24	1.451
33	1.452
48	1.452
78	1.452
9	1.453
37	1.453
69	1.455
29	1.456
33	1.456
62	1.456
79	1.457
27	1.458
48	1.458
5	1.46
12	1.46
39	1.46
40	1.46
6	1.461
25	1.461
34	1.461
35	1.461
5	1.462
13	1.462
57	1.462
63	1.462
80	1.462
84	1.4625
6	1.463
7	1.463
14	1.464
36	1.464
7	1.465
34	1.465
35	1.465
15	1.466
30	1.466
44	1.466
10	1.467
49	1.467
81	1.467
14	1.468
16	1.468
28	1.468
36	1.468
45	1.468
70	1.468
5	1.469
38	1.469
64	1.469
6	1.47
17	1.47
22	1.47
49	1.47
11	1.471
26	1.471
41	1.471
72	1.471
7	1.472
18	1.472
49	1.472
64	1.4725
19	1.474
2	1.475
37	1.475
65	1.475
12	1.476
20	1.476
31	1.476
73	1.476
58	1.477
3	1.478
13	1.478
21	1.478
29	1.478
46	1.478
49	1.478
37	1.479
47	1.479
8	1.48
14	1.48
23	1.48
39	1.48
40	1.48
71	1.48
72	1.48
27	1.481
74	1.481
8	1.482
15	1.482
4	1.483
22	1.483
9	1.484
16	1.484
64	1.484
73	1.485
9	1.486
17	1.486
66	1.486
75	1.486
11	1.487
50	1.487
18	1.488
30	1.488
8	1.489
67	1.489
19	1.49
24	1.49
50	1.49
65	1.49
74	1.49
28	1.491
38	1.491
41	1.491
76	1.491
20	1.492
50	1.492
59	1.492
72	1.492
9	1.493
23	1.493
21	1.494
38	1.495
75	1.495
77	1.496
73	1.497
10	1.498
31	1.498
50	1.498
68	1.498
2	1.499
48	1.499
10	1.5
12	1.5
25	1.5
76	1.5
29	1.501
66	1.501
78	1.501
3	1.502
13	1.502
22	1.502
39	1.502
40	1.502
74	1.502
5	1.503
24	1.503
6	1.504
14	1.504
67	1.504
62	1.505
77	1.505
7	1.506
12	1.506
15	1.506
39	1.506
40	1.506
79	1.506
4	1.507
10	1.507
51	1.507
75	1.507
13	1.508
16	1.508
69	1.508
60	1.509
14	1.51
17	1.51
26	1.51
51	1.51
78	1.51
30	1.511
62	1.511
63	1.511
80	1.511
15	1.512
18	1.512
23	1.512
32	1.512
51	1.512
76	1.512
25	1.513
41	1.513
68	1.513
16	1.514
19	1.514
62	1.515
79	1.515
17	1.516
20	1.516
61	1.516
81	1.516
41	1.517
63	1.517
77	1.517
11	1.518
18	1.518
21	1.518
51	1.518
49	1.519
11	1.52
19	1.52
27	1.52
80	1.52
31	1.521
63	1.521
70	1.521
20	1.522
24	1.522
78	1.522
8	1.523
26	1.523
69	1.523
21	1.524
33	1.524
81	1.525
5	1.527
9	1.527
11	1.527
52	1.527
79	1.527
6	1.528
7	1.53
28	1.53
2	1.532
25	1.532
80	1.532
27	1.533
34	1.533
35	1.533
64	1.533
71	1.533
22	1.534
3	1.535
36	1.536
70	1.536
81	1.537
89	1.538
50	1.539
64	1.539
65	1.539
4	1.54
29	1.54
10	1.541
26	1.542
53	1.542
28	1.543
54	1.543
64	1.543
23	1.544
65	1.545
8	1.547
37	1.547
55	1.547
42	1.548
71	1.548
65	1.549
30	1.55
66	1.55
9	1.551
27	1.552
29	1.553
67	1.553
12	1.554
24	1.554
13	1.556
66	1.556
14	1.558
42	1.558
72	1.558
51	1.559
56	1.559
67	1.559
5	1.56
15	1.56
31	1.56
66	1.56
87	1.56
6	1.561
11	1.561
43	1.561
52	1.561
16	1.562
28	1.562
68	1.562
7	1.563
30	1.563
38	1.563
67	1.563
73	1.563
17	1.564
25	1.564
10	1.565
18	1.566
12	1.568
19	1.568
68	1.568
74	1.568
2	1.569
13	1.57
20	1.57
12	1.571
43	1.571
3	1.572
14	1.572
21	1.572
29	1.572
68	1.572
69	1.572
13	1.573
31	1.573
75	1.573
15	1.574
26	1.574
39	1.574
40	1.574
85	1.5745
14	1.575
16	1.576
53	1.576
57	1.576
4	1.577
15	1.577
54	1.577
17	1.578
22	1.578
69	1.578
76	1.578
16	1.579
2	1.58
8	1.58
18	1.58
72	1.58
2	1.581
17	1.581
44	1.581
55	1.581
19	1.582
30	1.582
69	1.582
3	1.583
18	1.583
45	1.583
77	1.583
3	1.584
9	1.584
20	1.584
27	1.584
11	1.585
19	1.585
41	1.585
70	1.585
73	1.585
21	1.586
20	1.587
4	1.588
23	1.588
78	1.588
4	1.589
21	1.589
32	1.59
72	1.59
74	1.59
44	1.591
58	1.591
70	1.591
31	1.592
84	1.592
32	1.593
45	1.593
46	1.593
56	1.593
79	1.593
28	1.594
47	1.594
70	1.595
73	1.595
75	1.595
5	1.597
12	1.597
42	1.597
71	1.597
6	1.598
10	1.598
24	1.598
80	1.598
12	1.599
13	1.599
7	1.6
74	1.6
76	1.6
13	1.601
14	1.601
33	1.602
14	1.603
15	1.603
46	1.603
71	1.603
81	1.603
29	1.604
47	1.604
15	1.605
16	1.605
33	1.605
42	1.605
75	1.605
77	1.605
59	1.606
16	1.607
17	1.607
71	1.607
5	1.608
25	1.608
5	1.609
6	1.609
17	1.609
18	1.609
6	1.61
43	1.61
57	1.61
76	1.61
78	1.61
7	1.611
18	1.611
19	1.611
34	1.611
35	1.611
7	1.612
19	1.613
20	1.613
62	1.613
30	1.614
34	1.614
35	1.614
36	1.614
48	1.614
20	1.615
21	1.615
77	1.615
79	1.615
8	1.617
21	1.617
36	1.617
11	1.618
26	1.618
43	1.618
63	1.619
78	1.62
80	1.62
9	1.621
32	1.623
60	1.623
31	1.624
48	1.624
37	1.625
58	1.625
79	1.625
81	1.625
8	1.628
12	1.628
27	1.628
37	1.628
8	1.629
13	1.63
44	1.63
61	1.63
80	1.63
62	1.631
72	1.631
9	1.632
14	1.632
45	1.632
9	1.633
15	1.634
49	1.634
10	1.635
33	1.635
81	1.635
16	1.636
73	1.636
63	1.637
17	1.638
28	1.638
44	1.638
18	1.64
45	1.64
59	1.64
38	1.641
42	1.641
64	1.641
74	1.641
19	1.642
46	1.642
72	1.642
47	1.643
20	1.644
34	1.644
35	1.644
38	1.644
49	1.644
10	1.646
21	1.646
72	1.646
75	1.646
10	1.647
36	1.647
65	1.647
73	1.647
12	1.648
29	1.648
13	1.65
46	1.65
47	1.651
73	1.651
76	1.651
83	1.651
14	1.652
39	1.652
40	1.652
42	1.652
74	1.652
15	1.654
43	1.654
50	1.654
11	1.655
39	1.655
40	1.655
16	1.656
74	1.656
77	1.656
60	1.657
75	1.657
17	1.658
30	1.658
37	1.658
66	1.658
64	1.659
18	1.66
67	1.661
75	1.661
78	1.661
19	1.662
76	1.662
41	1.663
48	1.663
20	1.664
50	1.664
61	1.664
43	1.665
65	1.665
11	1.666
21	1.666
41	1.666
76	1.666
79	1.666
64	1.6665
11	1.667
77	1.667
31	1.668
68	1.67
12	1.671
48	1.671
77	1.671
80	1.671
78	1.672
2	1.673
13	1.673
38	1.674
44	1.674
51	1.674
14	1.675
3	1.676
45	1.676
66	1.676
78	1.676
81	1.676
15	1.677
79	1.677
16	1.679
67	1.679
69	1.68
4	1.681
17	1.681
42	1.681
79	1.681
80	1.682
18	1.683
49	1.683
51	1.684
19	1.685
39	1.685
40	1.685
44	1.685
46	1.686
80	1.686
20	1.687
45	1.687
47	1.687
81	1.687
89	1.6875
68	1.688
21	1.689
49	1.691
52	1.691
81	1.691
70	1.693
43	1.694
41	1.696
52	1.696
46	1.697
72	1.697
47	1.698
69	1.698
85	1.6985
5	1.701
6	1.702
73	1.702
50	1.703
7	1.704
71	1.705
53	1.706
48	1.707
54	1.707
74	1.707
42	1.708
50	1.711
53	1.711
55	1.711
70	1.711
54	1.712
75	1.712
44	1.714
45	1.716
55	1.716
76	1.717
42	1.718
48	1.718
72	1.72
8	1.721
43	1.721
72	1.722
77	1.722
51	1.723
56	1.723
71	1.723
9	1.725
73	1.725
46	1.726
72	1.726
87	1.7265
47	1.727
49	1.727
73	1.727
78	1.727
56	1.728
74	1.73
93	1.7305
43	1.731
51	1.731
73	1.731
74	1.732
79	1.732
75	1.735
74	1.736
75	1.737
80	1.737
49	1.738
10	1.739
52	1.74
57	1.74
76	1.74
44	1.741
75	1.741
76	1.742
81	1.742
45	1.743
57	1.745
77	1.745
52	1.746
76	1.746
48	1.747
50	1.747
77	1.747
52	1.75
78	1.75
44	1.751
77	1.751
12	1.752
78	1.752
45	1.753
46	1.753
13	1.754
22	1.754
47	1.754
53	1.755
58	1.755
79	1.755
14	1.756
42	1.756
54	1.756
78	1.756
42	1.757
79	1.757
15	1.758
50	1.758
11	1.759
16	1.76
55	1.76
58	1.76
80	1.76
22	1.761
53	1.761
62	1.761
79	1.761
17	1.762
54	1.762
62	1.762
80	1.762
46	1.763
62	1.763
18	1.764
23	1.764
47	1.764
53	1.765
81	1.765
19	1.766
54	1.766
55	1.766
80	1.766
49	1.767
51	1.767
63	1.767
81	1.767
20	1.768
52	1.768
63	1.768
22	1.769
32	1.769
43	1.769
63	1.769
21	1.77
43	1.77
55	1.77
59	1.77
72	1.77
23	1.771
81	1.771
56	1.772
12	1.774
24	1.774
48	1.774
84	1.7745
59	1.775
73	1.775
13	1.776
2	1.778
14	1.778
51	1.778
56	1.778
23	1.779
15	1.78
72	1.78
74	1.78
83	1.7805
3	1.781
24	1.781
33	1.781
16	1.782
42	1.782
56	1.782
53	1.783
17	1.784
25	1.784
48	1.784
54	1.784
73	1.785
75	1.785
4	1.786
18	1.786
50	1.787
60	1.787
19	1.788
55	1.788
2	1.789
17	1.789
24	1.789
32	1.789
44	1.789
57	1.789
64	1.789
20	1.79
34	1.79
35	1.79
44	1.79
64	1.79
74	1.79
76	1.79
12	1.791
25	1.791
45	1.791
64	1.791
3	1.792
21	1.792
45	1.792
60	1.792
13	1.793
36	1.793
62	1.793
26	1.794
42	1.794
49	1.794
61	1.794
2	1.795
14	1.795
43	1.795
57	1.795
65	1.795
75	1.795
77	1.795
65	1.796
4	1.797
15	1.797
65	1.797
3	1.798
16	1.799
25	1.799
57	1.799
61	1.799
63	1.799
56	1.8
76	1.8
78	1.8
17	1.801
26	1.801
33	1.801
46	1.801
42	1.802
46	1.802
47	1.802
4	1.803
18	1.803
47	1.803
27	1.804
37	1.804
49	1.804
58	1.804
85	1.8045
19	1.805
77	1.805
79	1.805
5	1.806
66	1.806
6	1.807
20	1.807
32	1.807
43	1.807
51	1.807
66	1.807
66	1.808
7	1.809
21	1.809
26	1.809
67	1.809
34	1.81
35	1.81
58	1.81
67	1.81
78	1.81
80	1.81
27	1.811
67	1.811
36	1.813
28	1.814
50	1.814
58	1.814
43	1.815
44	1.815
79	1.815
81	1.815
5	1.817
45	1.817
57	1.817
6	1.818
22	1.818
68	1.818
27	1.819
33	1.819
52	1.819
59	1.819
68	1.819
7	1.82
38	1.82
68	1.82
80	1.82
28	1.821
64	1.821
48	1.822
5	1.823
48	1.823
6	1.824
29	1.824
37	1.824
50	1.824
12	1.825
59	1.825
81	1.825
7	1.826
8	1.826
13	1.827
44	1.827
46	1.827
65	1.827
23	1.828
34	1.828
35	1.828
47	1.828
62	1.828
69	1.828
14	1.829
28	1.829
45	1.829
59	1.829
69	1.829
9	1.83
12	1.83
69	1.83
15	1.831
29	1.831
36	1.831
39	1.831
40	1.831
42	1.831
13	1.832
58	1.832
16	1.833
52	1.833
14	1.834
30	1.834
51	1.834
53	1.834
63	1.834
17	1.835
44	1.835
54	1.835
12	1.836
15	1.836
60	1.836
2	1.837
8	1.837
18	1.837
45	1.837
13	1.838
16	1.838
24	1.838
66	1.838
19	1.839
29	1.839
46	1.839
55	1.839
3	1.84
14	1.84
17	1.84
38	1.84
47	1.84
9	1.841
20	1.841
30	1.841
67	1.841
70	1.841
15	1.842
18	1.842
37	1.842
41	1.842
49	1.842
60	1.842
70	1.842
8	1.843
21	1.843
49	1.843
61	1.843
70	1.843
10	1.844
16	1.844
19	1.844
31	1.844
43	1.844
51	1.844
4	1.845
72	1.845
2	1.846
17	1.846
20	1.846
60	1.846
9	1.847
46	1.847
59	1.847
18	1.848
21	1.848
25	1.848
47	1.848
48	1.848
53	1.848
3	1.849
30	1.849
54	1.849
61	1.849
19	1.85
68	1.85
73	1.85
31	1.851
39	1.851
40	1.851
56	1.851
20	1.852
55	1.853
61	1.853
71	1.853
4	1.854
21	1.854
71	1.854
10	1.855
71	1.855
74	1.855
64	1.856
26	1.858
38	1.858
31	1.859
48	1.86
69	1.86
75	1.86
10	1.861
64	1.861
41	1.862
50	1.862
65	1.862
2	1.863
50	1.863
11	1.864
44	1.864
60	1.864
5	1.865
56	1.865
76	1.865
3	1.866
6	1.866
45	1.866
7	1.868
27	1.868
48	1.868
49	1.868
57	1.868
39	1.869
40	1.869
52	1.869
77	1.87
4	1.871
61	1.871
72	1.872
66	1.873
70	1.873
5	1.874
6	1.875
11	1.875
22	1.875
78	1.875
46	1.876
67	1.876
7	1.877
47	1.877
73	1.877
28	1.878
41	1.88
49	1.88
72	1.88
79	1.88
11	1.881
51	1.882
57	1.882
74	1.882
51	1.883
58	1.883
62	1.883
53	1.884
8	1.885
23	1.885
52	1.885
54	1.885
68	1.885
71	1.885
73	1.885
80	1.885
93	1.885
22	1.887
75	1.887
29	1.888
49	1.888
50	1.888
9	1.889
55	1.889
63	1.889
74	1.89
81	1.89
5	1.891
6	1.892
76	1.892
7	1.894
8	1.894
12	1.895
24	1.895
69	1.895
75	1.895
13	1.897
23	1.897
48	1.897
58	1.897
77	1.897
9	1.898
30	1.898
42	1.898
59	1.898
14	1.899
42	1.899
50	1.9
53	1.9
76	1.9
15	1.901
54	1.901
56	1.901
78	1.902
10	1.903
16	1.903
17	1.905
25	1.905
55	1.905
77	1.905
18	1.907
24	1.907
79	1.907
31	1.908
50	1.908
51	1.908
70	1.908
19	1.909
78	1.91
8	1.911
20	1.911
43	1.911
64	1.911
10	1.912
43	1.912
59	1.912
80	1.912
21	1.913
12	1.914
9	1.915
26	1.915
60	1.915
79	1.915
12	1.916
13	1.916
25	1.917
49	1.917
56	1.917
65	1.917
81	1.917
13	1.918
14	1.918
57	1.918
83	1.9185
85	1.9195
14	1.92
15	1.92
22	1.92
51	1.92
71	1.92
80	1.92
42	1.921
15	1.922
16	1.922
52	1.922
61	1.922
11	1.923
16	1.924
17	1.924
2	1.925
27	1.925
81	1.925
17	1.926
18	1.926
26	1.927
42	1.927
3	1.928
18	1.928
19	1.928
51	1.928
66	1.928
10	1.929
52	1.929
60	1.929
2	1.93
19	1.93
20	1.93
23	1.93
2	1.931
44	1.931
67	1.931
11	1.932
20	1.932
21	1.932
44	1.932
3	1.933
4	1.933
45	1.933
58	1.933
72	1.933
3	1.934
21	1.934
43	1.934
45	1.934
57	1.934
28	1.935
2	1.936
61	1.936
27	1.937
50	1.937
53	1.937
4	1.938
22	1.938
54	1.938
73	1.938
3	1.939
4	1.939
24	1.94
43	1.94
68	1.94
55	1.942
46	1.943
74	1.943
4	1.944
46	1.944
47	1.944
53	1.944
29	1.945
47	1.945
54	1.945
62	1.946
28	1.947
23	1.948
59	1.948
75	1.948
2	1.949
11	1.949
55	1.949
58	1.949
25	1.95
69	1.95
3	1.952
63	1.952
5	1.953
76	1.953
89	1.9535
6	1.954
44	1.954
56	1.954
30	1.955
7	1.956
45	1.956
4	1.957
29	1.957
51	1.957
5	1.958
24	1.958
77	1.958
5	1.959
6	1.959
6	1.96
26	1.96
32	1.96
44	1.96
2	1.961
7	1.961
56	1.961
7	1.962
45	1.962
72	1.962
70	1.963
78	1.963
3	1.964
5	1.964
12	1.964
22	1.964
48	1.964
59	1.964
6	1.965
31	1.965
48	1.965
60	1.965
13	1.966
46	1.966
7	1.967
30	1.967
47	1.967
73	1.967
14	1.968
25	1.968
79	1.968
4	1.969
22	1.969
15	1.97
27	1.97
57	1.971
16	1.972
33	1.972
46	1.972
61	1.972
74	1.972
8	1.973
47	1.973
80	1.973
17	1.974
23	1.974
64	1.974
71	1.975
18	1.976
5	1.977
9	1.977
31	1.977
75	1.977
6	1.978
8	1.978
19	1.978
26	1.978
57	1.978
81	1.978
8	1.979
23	1.979
32	1.979
7	1.98
20	1.98
28	1.98
65	1.98
2	1.981
34	1.981
35	1.981
60	1.981
9	1.982
21	1.982
76	1.982
9	1.983
3	1.984
8	1.984
24	1.984
36	1.984
49	1.984
42	1.985
49	1.985
2	1.986
58	1.986
48	1.987
77	1.987
9	1.988
12	1.988
27	1.988
61	1.988
3	1.989
4	1.989
5	1.989
24	1.989
6	1.99
13	1.99
29	1.99
10	1.991
22	1.991
33	1.991
66	1.991
7	1.992
14	1.992
78	1.992
48	1.993
58	1.993
4	1.994
15	1.994
25	1.994
67	1.994
37	1.995
42	1.995
10	1.996
16	1.996
72	1.996
14	1.9965
8	1.997
10	1.997
79	1.997
2	1.998
17	1.998
28	1.998
43	1.998
25	1.999
18	2
30	2
34	2
35	2
52	2
3	2.001
9	2.001
23	2.001
59	2.001
73	2.001
10	2.002
19	2.002
80	2.002
32	2.003
36	2.003
68	2.003
20	2.004
26	2.004
50	2.004
50	2.005
4	2.006
21	2.006
62	2.006
74	2.006
49	2.007
81	2.007
29	2.008
43	2.008
59	2.008
5	2.009
8	2.009
26	2.009
6	2.01
31	2.01
11	2.011
12	2.011
24	2.011
38	2.011
75	2.011
7	2.012
63	2.012
9	2.013
12	2.013
13	2.013
49	2.013
69	2.013
5	2.014
27	2.014
37	2.014
6	2.015
10	2.015
13	2.015
14	2.015
33	2.015
53	2.015
11	2.016
54	2.016
76	2.016
7	2.017
11	2.017
12	2.017
14	2.017
15	2.017
30	2.018
32	2.018
44	2.018
60	2.018
13	2.019
15	2.019
16	2.019
27	2.019
45	2.02
55	2.02
14	2.021
16	2.021
17	2.021
25	2.021
77	2.021
11	2.022
39	2.022
40	2.022
15	2.023
17	2.023
18	2.023
28	2.024
34	2.024
35	2.024
51	2.024
16	2.025
18	2.025
19	2.025
51	2.025
60	2.025
61	2.025
5	2.026
42	2.026
70	2.026
78	2.026
6	2.027
10	2.027
17	2.027
19	2.027
20	2.027
36	2.027
50	2.027
31	2.028
44	2.028
7	2.029
8	2.029
18	2.029
20	2.029
21	2.029
28	2.029
33	2.03
38	2.03
45	2.03
46	2.03
19	2.031
21	2.031
26	2.031
47	2.031
79	2.031
56	2.032
61	2.032
9	2.033
20	2.033
41	2.033
50	2.033
8	2.034
29	2.034
52	2.034
64	2.034
11	2.035
21	2.035
80	2.036
9	2.038
37	2.038
71	2.038
29	2.039
34	2.039
35	2.039
43	2.039
46	2.04
65	2.04
27	2.041
39	2.041
40	2.041
47	2.041
81	2.041
36	2.042
30	2.044
8	2.046
10	2.047
11	2.047
51	2.047
30	2.049
53	2.049
57	2.049
9	2.05
32	2.05
54	2.05
28	2.051
48	2.051
66	2.051
10	2.052
41	2.052
37	2.053
51	2.053
31	2.054
38	2.054
55	2.054
67	2.054
31	2.059
44	2.059
29	2.061
45	2.061
48	2.061
33	2.062
52	2.062
68	2.063
10	2.064
58	2.064
39	2.065
40	2.065
56	2.066
11	2.067
38	2.069
2	2.07
30	2.071
34	2.071
35	2.071
46	2.071
49	2.071
62	2.071
11	2.072
47	2.072
3	2.073
69	2.073
87	2.073
22	2.074
36	2.074
32	2.075
41	2.076
53	2.077
63	2.077
4	2.078
54	2.078
2	2.079
59	2.079
39	2.08
40	2.08
31	2.081
49	2.081
83	2.0815
3	2.082
55	2.082
57	2.083
11	2.084
23	2.084
32	2.085
37	2.085
70	2.086
4	2.087
33	2.087
42	2.088
12	2.091
41	2.091
50	2.091
48	2.092
13	2.093
24	2.094
56	2.094
14	2.095
34	2.096
35	2.096
60	2.096
12	2.097
15	2.097
33	2.097
5	2.098
58	2.098
71	2.098
6	2.099
13	2.099
16	2.099
22	2.099
36	2.099
64	2.099
7	2.101
14	2.101
17	2.101
38	2.101
43	2.101
50	2.101
64	2.1025
15	2.103
18	2.103
61	2.103
25	2.104
16	2.105
19	2.105
65	2.105
34	2.106
35	2.106
62	2.106
5	2.107
17	2.107
20	2.107
6	2.108
52	2.108
72	2.108
18	2.109
21	2.109
23	2.109
36	2.109
7	2.11
37	2.11
19	2.111
51	2.111
57	2.111
39	2.112
40	2.112
49	2.112
63	2.112
20	2.113
59	2.113
73	2.113
26	2.114
21	2.115
66	2.116
8	2.118
74	2.118
24	2.119
67	2.119
37	2.12
44	2.121
51	2.121
9	2.122
41	2.123
42	2.123
45	2.123
53	2.123
75	2.123
27	2.124
54	2.124
22	2.125
38	2.126
58	2.126
8	2.127
55	2.128
68	2.128
76	2.128
12	2.129
25	2.129
52	2.129
60	2.13
62	2.13
9	2.131
13	2.131
72	2.131
85	2.131
50	2.132
14	2.133
46	2.133
77	2.133
28	2.134
47	2.134
64	2.134
15	2.135
23	2.135
10	2.136
38	2.136
42	2.136
43	2.136
63	2.136
73	2.136
16	2.137
39	2.137
40	2.137
61	2.137
93	2.1375
69	2.138
78	2.138
17	2.139
26	2.139
56	2.14
65	2.14
28	2.1405
18	2.141
59	2.141
74	2.141
19	2.143
79	2.143
29	2.144
42	2.144
53	2.144
10	2.145
20	2.145
24	2.145
54	2.145
75	2.146
21	2.147
39	2.147
40	2.147
89	2.147
41	2.148
80	2.148
27	2.149
43	2.149
55	2.149
62	2.15
66	2.151
70	2.151
76	2.151
51	2.152
81	2.153
30	2.154
48	2.154
67	2.154
25	2.155
11	2.156
44	2.156
63	2.156
77	2.156
43	2.157
57	2.157
62	2.157
41	2.158
45	2.158
60	2.158
64	2.158
28	2.159
56	2.161
78	2.161
12	2.162
63	2.163
68	2.163
71	2.163
13	2.164
28	2.164
31	2.164
65	2.164
11	2.165
26	2.165
61	2.165
14	2.166
79	2.166
62	2.167
15	2.168
46	2.168
29	2.169
44	2.169
47	2.169
16	2.17
45	2.171
80	2.171
17	2.172
52	2.172
58	2.172
63	2.173
69	2.173
18	2.174
49	2.174
27	2.175
66	2.175
19	2.176
81	2.176
44	2.177
20	2.178
57	2.178
64	2.178
67	2.178
30	2.179
45	2.179
21	2.18
32	2.18
46	2.181
47	2.182
65	2.184
28	2.185
64	2.185
70	2.186
53	2.187
59	2.187
68	2.187
54	2.188
31	2.189
46	2.189
48	2.189
47	2.19
65	2.191
33	2.192
55	2.192
58	2.193
50	2.194
52	2.194
29	2.195
64	2.195
66	2.195
22	2.196
69	2.197
67	2.198
71	2.198
34	2.201
35	2.201
65	2.201
48	2.202
66	2.202
2	2.203
36	2.204
56	2.204
60	2.204
30	2.205
67	2.205
3	2.206
23	2.206
68	2.207
59	2.208
49	2.209
53	2.209
48	2.21
54	2.21
70	2.21
3	2.211
4	2.211
42	2.211
61	2.211
66	2.212
51	2.214
55	2.214
68	2.214
31	2.215
37	2.215
52	2.215
67	2.215
24	2.216
32	2.216
69	2.217
57	2.221
49	2.222
71	2.222
43	2.224
68	2.224
69	2.224
60	2.225
25	2.226
56	2.226
33	2.228
62	2.228
42	2.229
50	2.229
72	2.229
49	2.23
53	2.23
70	2.23
5	2.231
38	2.231
54	2.231
6	2.232
61	2.232
7	2.234
63	2.234
69	2.234
73	2.234
55	2.235
26	2.236
58	2.236
34	2.237
35	2.237
70	2.237
62	2.239
72	2.239
74	2.239
36	2.24
39	2.242
40	2.242
43	2.242
50	2.242
71	2.242
57	2.243
44	2.244
73	2.244
75	2.244
12	2.245
63	2.245
27	2.246
45	2.246
13	2.247
56	2.247
70	2.247
85	2.247
14	2.249
51	2.249
71	2.249
74	2.249
76	2.249
50	2.25
8	2.251
15	2.251
37	2.251
59	2.251
14	2.2525
16	2.253
41	2.253
52	2.253
75	2.254
77	2.254
9	2.255
17	2.255
12	2.256
28	2.256
46	2.256
64	2.256
18	2.257
47	2.257
13	2.258
17	2.258
52	2.258
58	2.258
19	2.259
62	2.259
71	2.259
76	2.259
78	2.259
14	2.26
20	2.261
15	2.262
44	2.262
51	2.262
65	2.262
21	2.263
16	2.264
45	2.264
57	2.264
77	2.264
79	2.264
63	2.265
17	2.266
29	2.266
38	2.267
64	2.267
18	2.268
53	2.268
60	2.268
10	2.269
54	2.269
78	2.269
80	2.269
19	2.27
32	2.27
51	2.27
20	2.272
53	2.273
55	2.273
59	2.273
65	2.273
66	2.273
21	2.274
46	2.274
54	2.274
79	2.274
81	2.274
47	2.275
61	2.275
83	2.2755
30	2.276
67	2.276
48	2.277
72	2.277
39	2.278
40	2.278
42	2.278
55	2.278
42	2.279
58	2.279
80	2.279
62	2.281
33	2.282
73	2.282
66	2.284
81	2.284
56	2.285
68	2.285
31	2.286
63	2.287
64	2.287
67	2.287
74	2.287
11	2.289
41	2.289
56	2.29
60	2.29
34	2.291
35	2.291
43	2.291
64	2.291
43	2.292
75	2.292
65	2.293
32	2.294
36	2.294
59	2.294
48	2.295
69	2.295
68	2.296
49	2.297
61	2.297
76	2.297
57	2.302
77	2.302
72	2.303
66	2.304
37	2.305
33	2.306
69	2.306
57	2.307
67	2.307
78	2.307
2	2.308
62	2.308
70	2.308
73	2.308
64	2.309
3	2.311
44	2.311
60	2.311
44	2.312
79	2.312
45	2.313
74	2.313
45	2.314
63	2.314
34	2.315
35	2.315
49	2.315
65	2.315
72	2.315
4	2.316
68	2.316
50	2.317
58	2.317
80	2.317
36	2.318
61	2.318
75	2.318
70	2.319
71	2.32
73	2.32
38	2.321
58	2.322
81	2.322
46	2.323
76	2.323
22	2.324
46	2.324
47	2.324
47	2.325
74	2.325
52	2.326
66	2.326
69	2.326
12	2.327
62	2.327
77	2.328
13	2.329
37	2.329
67	2.329
75	2.33
14	2.331
71	2.331
2	2.332
39	2.332
40	2.332
59	2.332
15	2.333
63	2.333
78	2.333
23	2.334
3	2.335
16	2.335
50	2.335
76	2.335
5	2.336
64	2.336
6	2.337
17	2.337
51	2.337
59	2.337
68	2.338
79	2.338
7	2.339
18	2.339
70	2.339
4	2.34
32	2.34
77	2.34
19	2.341
53	2.341
54	2.342
65	2.342
20	2.343
41	2.343
80	2.343
24	2.344
48	2.344
21	2.345
38	2.345
48	2.345
78	2.345
32	2.346
55	2.346
42	2.347
69	2.348
81	2.348
60	2.349
2	2.35
22	2.35
79	2.35
71	2.351
33	2.352
3	2.353
66	2.353
25	2.354
60	2.354
51	2.355
64	2.355
80	2.355
89	2.355
8	2.356
39	2.356
40	2.356
61	2.356
67	2.356
2	2.358
4	2.358
12	2.358
33	2.358
56	2.358
5	2.36
9	2.36
13	2.36
23	2.36
43	2.36
81	2.36
3	2.361
6	2.361
34	2.361
35	2.361
52	2.361
61	2.361
65	2.361
70	2.361
83	2.3615
14	2.362
7	2.363
12	2.364
15	2.364
26	2.364
36	2.364
49	2.364
49	2.365
68	2.365
4	2.366
13	2.366
16	2.366
34	2.367
35	2.367
41	2.367
72	2.367
14	2.368
17	2.368
15	2.37
18	2.37
24	2.37
36	2.37
42	2.37
16	2.372
19	2.372
66	2.372
73	2.372
71	2.373
10	2.374
17	2.374
20	2.374
27	2.374
37	2.375
57	2.375
67	2.375
69	2.375
18	2.376
21	2.376
53	2.376
54	2.377
74	2.377
5	2.378
19	2.378
6	2.379
8	2.38
20	2.38
25	2.38
44	2.38
7	2.381
37	2.381
55	2.381
21	2.382
45	2.382
75	2.382
43	2.383
9	2.384
28	2.384
50	2.384
68	2.384
50	2.385
5	2.386
6	2.387
76	2.387
70	2.388
7	2.389
22	2.39
26	2.39
58	2.39
38	2.391
46	2.392
77	2.392
47	2.393
56	2.393
11	2.394
29	2.394
69	2.394
72	2.396
38	2.397
78	2.397
8	2.398
10	2.398
23	2.4
27	2.4
71	2.4
72	2.401
73	2.401
9	2.402
39	2.402
40	2.402
79	2.402
32	2.403
44	2.403
30	2.404
51	2.404
45	2.405
51	2.405
59	2.405
8	2.406
73	2.406
74	2.406
70	2.407
80	2.407
39	2.408
40	2.408
9	2.41
24	2.41
28	2.41
32	2.41
57	2.41
52	2.411
74	2.411
75	2.411
2	2.412
81	2.412
12	2.413
41	2.413
48	2.413
31	2.414
3	2.415
13	2.415
33	2.415
46	2.415
10	2.416
47	2.416
75	2.416
76	2.416
14	2.417
22	2.417
72	2.417
11	2.418
62	2.418
15	2.419
41	2.419
71	2.419
4	2.42
22	2.42
25	2.42
29	2.42
16	2.421
42	2.421
76	2.421
77	2.421
89	2.421
33	2.422
60	2.422
73	2.422
17	2.423
10	2.424
34	2.424
35	2.424
63	2.424
18	2.425
58	2.425
53	2.426
77	2.426
78	2.426
19	2.427
23	2.427
36	2.427
54	2.427
74	2.427
20	2.429
61	2.429
23	2.43
26	2.43
30	2.43
62	2.43
21	2.431
34	2.431
35	2.431
42	2.431
55	2.431
78	2.431
79	2.431
75	2.432
32	2.433
49	2.433
36	2.434
43	2.434
11	2.436
48	2.436
63	2.436
79	2.436
80	2.436
24	2.437
76	2.437
37	2.438
5	2.44
22	2.44
24	2.44
27	2.44
31	2.44
59	2.44
6	2.441
80	2.441
81	2.441
77	2.442
7	2.443
56	2.443
11	2.444
43	2.444
33	2.445
37	2.445
64	2.446
81	2.446
25	2.447
78	2.447
84	2.4475
23	2.45
25	2.45
28	2.45
42	2.45
64	2.4515
65	2.452
79	2.452
12	2.453
50	2.453
32	2.454
34	2.454
35	2.454
38	2.454
44	2.454
13	2.455
2	2.456
45	2.456
49	2.456
14	2.457
26	2.457
36	2.457
60	2.457
80	2.457
64	2.458
3	2.459
15	2.459
8	2.46
24	2.46
26	2.46
29	2.46
57	2.46
16	2.461
38	2.461
81	2.462
17	2.463
43	2.463
66	2.463
72	2.463
4	2.464
9	2.464
44	2.464
61	2.464
65	2.464
18	2.465
39	2.465
40	2.465
33	2.466
45	2.466
46	2.466
67	2.466
17	2.4665
19	2.467
27	2.467
47	2.467
22	2.468
37	2.468
73	2.468
20	2.469
25	2.47
27	2.47
30	2.47
21	2.471
39	2.472
40	2.472
51	2.473
74	2.473
34	2.475
35	2.475
52	2.475
58	2.475
66	2.475
68	2.475
41	2.476
46	2.476
50	2.476
28	2.477
47	2.477
10	2.478
23	2.478
36	2.478
67	2.478
75	2.478
26	2.48
28	2.48
31	2.48
41	2.483
44	2.483
76	2.483
5	2.484
38	2.484
6	2.485
45	2.485
69	2.485
7	2.487
29	2.487
48	2.487
68	2.487
2	2.488
24	2.488
52	2.488
77	2.488
2	2.489
37	2.489
27	2.49
29	2.49
53	2.49
59	2.49
3	2.491
42	2.491
54	2.491
3	2.492
78	2.493
39	2.495
40	2.495
46	2.495
55	2.495
4	2.496
47	2.496
51	2.496
4	2.497
30	2.497
48	2.497
69	2.497
11	2.498
25	2.498
70	2.498
79	2.498
28	2.5
30	2.5
22	2.501
53	2.503
80	2.503
2	2.504
8	2.504
43	2.504
54	2.504
32	2.505
38	2.505
41	2.506
2	2.507
3	2.507
31	2.507
49	2.507
56	2.507
60	2.507
9	2.508
26	2.508
55	2.508
81	2.508
3	2.51
29	2.51
31	2.51
70	2.51
71	2.51
23	2.511
52	2.511
4	2.512
42	2.513
61	2.514
4	2.515
5	2.516
39	2.516
40	2.516
48	2.516
5	2.517
6	2.517
32	2.517
33	2.517
49	2.517
6	2.518
27	2.518
7	2.519
7	2.52
30	2.52
42	2.52
56	2.52
24	2.521
10	2.522
71	2.522
12	2.524
44	2.524
57	2.524
62	2.525
13	2.526
34	2.526
35	2.526
43	2.526
45	2.526
53	2.526
41	2.527
50	2.527
54	2.527
14	2.528
28	2.528
33	2.529
36	2.529
15	2.53
31	2.53
25	2.531
55	2.531
63	2.531
5	2.532
16	2.532
6	2.533
43	2.533
17	2.534
5	2.535
7	2.535
6	2.536
8	2.536
18	2.536
46	2.536
49	2.536
8	2.537
47	2.537
50	2.537
57	2.537
7	2.538
19	2.538
29	2.538
34	2.538
35	2.538
58	2.539
83	2.539
9	2.54
20	2.54
37	2.54
9	2.541
26	2.541
36	2.541
11	2.542
21	2.542
56	2.543
89	2.544
44	2.546
51	2.547
30	2.548
45	2.548
52	2.549
27	2.551
72	2.551
8	2.552
37	2.552
58	2.552
44	2.553
64	2.553
10	2.554
52	2.554
59	2.554
8	2.555
10	2.555
45	2.555
52	2.555
9	2.556
32	2.556
38	2.556
50	2.556
73	2.556
48	2.557
51	2.557
31	2.558
46	2.558
9	2.559
47	2.559
65	2.559
57	2.56
28	2.561
74	2.561
22	2.563
53	2.564
46	2.565
54	2.565
47	2.566
75	2.566
22	2.567
39	2.567
40	2.567
59	2.567
33	2.568
38	2.568
53	2.569
55	2.569
85	2.569
10	2.57
53	2.57
54	2.57
66	2.57
29	2.571
32	2.571
54	2.571
60	2.571
76	2.571
42	2.572
10	2.573
23	2.573
67	2.573
11	2.574
52	2.574
55	2.574
2	2.575
11	2.575
55	2.575
58	2.575
84	2.5755
51	2.576
77	2.576
23	2.577
34	2.577
35	2.577
49	2.577
3	2.578
41	2.578
61	2.578
39	2.579
40	2.579
48	2.579
22	2.58
36	2.58
52	2.58
30	2.581
56	2.581
78	2.581
68	2.582
4	2.583
24	2.583
33	2.583
60	2.584
12	2.585
43	2.585
48	2.586
56	2.586
79	2.586
13	2.587
24	2.587
56	2.587
14	2.589
53	2.589
11	2.59
23	2.59
41	2.59
54	2.59
59	2.59
15	2.591
31	2.591
32	2.591
37	2.591
61	2.591
80	2.591
34	2.592
35	2.592
69	2.592
11	2.593
16	2.593
25	2.593
72	2.593
55	2.594
17	2.595
36	2.595
53	2.595
54	2.596
81	2.596
18	2.597
25	2.597
50	2.597
57	2.598
73	2.598
19	2.599
49	2.599
24	2.6
55	2.6
20	2.601
5	2.603
21	2.603
26	2.603
33	2.603
57	2.603
74	2.603
6	2.604
57	2.604
44	2.605
70	2.605
7	2.606
37	2.606
49	2.606
56	2.606
26	2.607
38	2.607
45	2.607
60	2.607
75	2.608
25	2.61
34	2.612
35	2.612
56	2.612
27	2.613
58	2.613
76	2.613
12	2.614
32	2.614
61	2.614
36	2.615
2	2.616
13	2.616
27	2.617
42	2.617
46	2.617
51	2.617
71	2.617
14	2.618
22	2.618
39	2.618
40	2.618
47	2.618
58	2.618
77	2.618
3	2.619
50	2.619
58	2.619
15	2.62
26	2.62
16	2.622
38	2.622
83	2.622
8	2.623
28	2.623
42	2.623
57	2.623
78	2.623
4	2.624
17	2.624
18	2.626
33	2.626
37	2.626
50	2.626
9	2.627
28	2.627
19	2.628
23	2.628
59	2.628
79	2.628
12	2.629
41	2.629
57	2.629
20	2.63
27	2.63
43	2.63
52	2.63
13	2.631
21	2.632
14	2.633
29	2.633
32	2.633
39	2.633
40	2.633
59	2.633
80	2.633
2	2.634
59	2.634
72	2.634
15	2.635
34	2.635
35	2.635
62	2.635
43	2.636
3	2.637
16	2.637
29	2.637
2	2.638
24	2.638
36	2.638
48	2.638
58	2.638
81	2.638
17	2.639
51	2.639
73	2.639
28	2.64
3	2.641
10	2.641
18	2.641
63	2.641
4	2.642
38	2.642
19	2.643
30	2.643
5	2.644
41	2.644
58	2.644
74	2.644
6	2.645
20	2.645
33	2.645
53	2.645
60	2.645
4	2.646
51	2.646
54	2.646
7	2.647
21	2.647
22	2.647
30	2.647
32	2.647
25	2.648
37	2.649
75	2.649
29	2.65
44	2.65
55	2.65
60	2.65
72	2.65
60	2.651
45	2.652
52	2.652
61	2.652
31	2.653
39	2.653
40	2.653
42	2.653
59	2.653
72	2.653
34	2.654
35	2.654
76	2.654
73	2.655
44	2.656
23	2.657
31	2.657
36	2.657
61	2.657
26	2.658
45	2.658
49	2.658
61	2.658
73	2.658
33	2.659
59	2.659
77	2.659
30	2.66
74	2.66
11	2.661
12	2.661
62	2.661
5	2.662
46	2.662
56	2.662
6	2.663
13	2.663
47	2.663
64	2.663
74	2.663
8	2.664
41	2.664
78	2.664
7	2.665
14	2.665
38	2.665
75	2.665
5	2.666
43	2.666
6	2.667
15	2.667
24	2.667
53	2.667
63	2.667
9	2.668
27	2.668
34	2.668
35	2.668
37	2.668
46	2.668
54	2.668
72	2.668
75	2.668
7	2.669
16	2.669
47	2.669
65	2.669
79	2.669
31	2.67
60	2.67
76	2.67
17	2.671
36	2.671
55	2.672
18	2.673
73	2.673
76	2.673
80	2.674
19	2.675
77	2.675
84	2.675
39	2.676
40	2.676
60	2.676
20	2.677
25	2.677
61	2.677
87	2.6775
89	2.6775
28	2.678
50	2.678
72	2.678
74	2.678
77	2.678
21	2.679
57	2.679
81	2.679
66	2.68
78	2.68
8	2.682
10	2.682
37	2.682
12	2.683
48	2.683
61	2.683
67	2.683
73	2.683
75	2.683
78	2.683
38	2.684
56	2.684
72	2.684
13	2.685
79	2.685
8	2.686
9	2.686
44	2.686
14	2.687
26	2.687
41	2.687
29	2.688
45	2.688
74	2.688
76	2.688
79	2.688
15	2.689
48	2.689
64	2.689
73	2.689
9	2.69
72	2.69
80	2.69
2	2.691
16	2.691
68	2.692
17	2.693
72	2.693
75	2.693
77	2.693
80	2.693
3	2.694
58	2.694
72	2.694
74	2.694
18	2.695
39	2.695
40	2.695
64	2.695
65	2.695
73	2.695
81	2.695
62	2.696
19	2.697
27	2.697
30	2.698
38	2.698
46	2.698
51	2.698
73	2.698
76	2.698
78	2.698
81	2.698
4	2.699
20	2.699
47	2.699
73	2.699
75	2.699
10	2.7
74	2.7
21	2.701
57	2.701
11	2.702
63	2.702
69	2.702
49	2.703
74	2.703
77	2.703
79	2.703
10	2.704
74	2.704
76	2.704
75	2.705
41	2.706
62	2.706
66	2.706
28	2.707
42	2.707
31	2.708
75	2.708
78	2.708
80	2.708
39	2.709
40	2.709
49	2.709
59	2.709
67	2.709
75	2.709
77	2.709
76	2.71
32	2.711
63	2.712
76	2.713
79	2.713
81	2.713
32	2.714
62	2.714
76	2.714
78	2.714
70	2.715
77	2.715
58	2.716
29	2.717
2	2.718
68	2.718
77	2.718
80	2.718
5	2.719
48	2.719
77	2.719
79	2.719
6	2.72
11	2.72
41	2.72
43	2.72
63	2.72
78	2.72
3	2.721
7	2.722
52	2.722
33	2.723
50	2.723
78	2.723
81	2.723
11	2.724
64	2.724
78	2.724
80	2.724
32	2.725
52	2.725
79	2.725
4	2.726
32	2.726
33	2.726
60	2.726
30	2.727
62	2.727
71	2.727
69	2.728
79	2.728
50	2.729
79	2.729
81	2.729
65	2.73
80	2.73
59	2.731
34	2.732
35	2.732
61	2.733
63	2.733
72	2.733
80	2.733
64	2.734
80	2.734
85	2.734
34	2.735
35	2.735
36	2.735
81	2.735
31	2.737
33	2.737
53	2.737
33	2.738
36	2.738
54	2.738
73	2.738
81	2.738
8	2.739
49	2.739
81	2.739
44	2.74
53	2.74
65	2.74
54	2.741
66	2.741
70	2.741
45	2.742
55	2.742
64	2.742
9	2.743
12	2.743
51	2.743
74	2.743
67	2.744
13	2.745
55	2.745
5	2.746
34	2.746
35	2.746
37	2.746
6	2.747
12	2.747
14	2.747
34	2.747
35	2.747
60	2.748
65	2.748
75	2.748
7	2.749
13	2.749
15	2.749
36	2.749
37	2.749
51	2.749
36	2.75
14	2.751
16	2.751
66	2.751
46	2.752
15	2.753
17	2.753
47	2.753
68	2.753
71	2.753
76	2.753
56	2.754
67	2.754
16	2.755
18	2.755
61	2.755
64	2.755
10	2.757
17	2.757
19	2.757
56	2.757
77	2.758
18	2.759
20	2.759
50	2.759
66	2.759
37	2.76
19	2.761
21	2.761
37	2.761
65	2.761
38	2.762
67	2.762
20	2.763
68	2.763
69	2.763
78	2.763
21	2.765
38	2.765
8	2.766
62	2.768
79	2.768
9	2.77
57	2.771
68	2.771
66	2.772
39	2.773
40	2.773
42	2.773
48	2.773
69	2.773
72	2.773
80	2.773
57	2.774
63	2.774
67	2.775
38	2.776
39	2.776
40	2.776
70	2.776
11	2.777
38	2.777
42	2.777
73	2.778
81	2.778
51	2.779
69	2.781
74	2.783
10	2.784
41	2.784
68	2.784
22	2.785
43	2.786
58	2.786
70	2.786
39	2.787
40	2.787
41	2.787
42	2.787
39	2.788
40	2.788
71	2.788
75	2.788
58	2.789
43	2.79
52	2.792
62	2.792
49	2.793
76	2.793
69	2.794
70	2.794
22	2.795
23	2.795
64	2.796
41	2.798
63	2.798
71	2.798
77	2.798
41	2.799
2	2.8
22	2.8
43	2.8
59	2.801
65	2.802
3	2.803
78	2.803
11	2.804
59	2.804
72	2.804
23	2.805
24	2.805
42	2.805
44	2.806
71	2.806
53	2.807
70	2.807
4	2.808
45	2.808
54	2.808
79	2.808
73	2.809
23	2.81
32	2.81
44	2.81
45	2.812
55	2.812
50	2.813
66	2.813
80	2.813
84	2.813
62	2.814
74	2.814
24	2.815
25	2.815
67	2.816
22	2.818
43	2.818
46	2.818
60	2.818
81	2.818
47	2.819
71	2.819
75	2.819
24	2.82
44	2.82
63	2.82
64	2.82
72	2.82
60	2.821
33	2.822
45	2.822
46	2.822
47	2.823
62	2.823
56	2.824
76	2.824
25	2.825
26	2.825
61	2.825
62	2.825
68	2.825
73	2.825
65	2.826
64	2.8265
62	2.827
5	2.828
23	2.828
61	2.828
6	2.829
22	2.829
63	2.829
77	2.829
25	2.83
74	2.83
7	2.831
12	2.831
34	2.831
35	2.831
63	2.831
42	2.832
46	2.832
13	2.833
47	2.833
51	2.833
63	2.833
36	2.834
78	2.834
14	2.835
26	2.835
27	2.835
69	2.835
75	2.835
15	2.837
66	2.837
24	2.838
44	2.838
16	2.839
23	2.839
48	2.839
79	2.839
12	2.84
26	2.84
45	2.84
67	2.84
76	2.84
17	2.841
57	2.841
13	2.842
64	2.842
18	2.843
32	2.843
48	2.843
14	2.844
80	2.844
19	2.845
27	2.845
28	2.845
37	2.845
43	2.845
77	2.845
15	2.846
20	2.847
8	2.848
16	2.848
25	2.848
65	2.848
70	2.848
21	2.849
24	2.849
68	2.849
81	2.849
17	2.85
27	2.85
46	2.85
78	2.85
47	2.851
64	2.851
9	2.852
18	2.852
22	2.853
48	2.853
64	2.853
19	2.854
28	2.855
29	2.855
33	2.855
64	2.855
79	2.855
20	2.856
58	2.856
65	2.857
21	2.858
26	2.858
25	2.859
49	2.859
62	2.859
65	2.859
66	2.859
69	2.859
28	2.86
71	2.86
80	2.86
38	2.861
65	2.861
67	2.862
23	2.863
49	2.863
62	2.863
34	2.864
35	2.864
29	2.865
30	2.865
44	2.865
63	2.865
81	2.865
10	2.866
36	2.867
45	2.867
27	2.868
42	2.868
66	2.868
26	2.869
63	2.869
84	2.8695
29	2.87
32	2.87
66	2.87
48	2.871
59	2.871
67	2.871
68	2.871
39	2.872
40	2.872
66	2.872
70	2.872
24	2.873
42	2.873
49	2.873
67	2.873
22	2.875
30	2.875
31	2.875
67	2.875
46	2.877
72	2.877
28	2.878
37	2.878
47	2.878
27	2.879
50	2.879
30	2.88
68	2.88
43	2.881
69	2.881
85	2.881
33	2.882
68	2.882
73	2.882
25	2.883
41	2.883
50	2.883
68	2.884
71	2.884
23	2.885
31	2.885
11	2.886
43	2.886
62	2.887
64	2.887
74	2.887
29	2.888
60	2.888
28	2.889
31	2.89
69	2.89
34	2.891
35	2.891
49	2.891
64	2.891
69	2.892
75	2.892
26	2.893
50	2.893
63	2.893
65	2.893
12	2.894
36	2.894
38	2.894
69	2.894
70	2.894
24	2.895
61	2.895
12	2.896
13	2.896
65	2.897
76	2.897
13	2.898
14	2.898
30	2.898
48	2.898
29	2.899
51	2.899
14	2.9
15	2.9
44	2.901
15	2.902
16	2.902
77	2.902
27	2.903
45	2.903
51	2.903
70	2.903
16	2.904
17	2.904
66	2.904
25	2.905
37	2.905
39	2.905
40	2.905
70	2.905
17	2.906
18	2.906
44	2.906
71	2.906
67	2.907
70	2.907
78	2.907
18	2.908
19	2.908
31	2.908
45	2.908
52	2.908
66	2.908
22	2.909
30	2.909
52	2.909
83	2.9095
12	2.91
19	2.91
20	2.91
42	2.911
50	2.911
67	2.911
13	2.912
20	2.912
21	2.912
79	2.912
28	2.913
32	2.913
46	2.913
51	2.913
14	2.914
21	2.914
42	2.914
47	2.914
26	2.915
64	2.915
71	2.915
2	2.916
15	2.916
32	2.916
41	2.916
68	2.916
71	2.917
80	2.917
16	2.918
46	2.918
49	2.918
3	2.919
23	2.919
31	2.919
47	2.919
71	2.919
17	2.92
68	2.92
38	2.921
65	2.921
18	2.922
81	2.922
29	2.923
53	2.923
4	2.924
19	2.924
43	2.924
53	2.924
54	2.924
27	2.925
33	2.925
54	2.925
20	2.926
69	2.926
2	2.927
43	2.927
21	2.928
33	2.928
55	2.928
24	2.929
55	2.929
2	2.93
3	2.93
22	2.93
69	2.93
72	2.93
51	2.931
39	2.932
40	2.932
66	2.932
3	2.933
30	2.933
34	2.934
35	2.934
48	2.934
4	2.935
28	2.935
52	2.935
67	2.935
73	2.935
12	2.936
34	2.937
35	2.937
36	2.937
72	2.937
4	2.938
13	2.938
50	2.938
25	2.939
48	2.939
70	2.939
14	2.94
23	2.94
36	2.94
56	2.94
74	2.94
22	2.941
56	2.941
15	2.942
73	2.942
31	2.943
41	2.943
70	2.943
5	2.944
16	2.944
44	2.944
68	2.944
6	2.945
29	2.945
75	2.945
17	2.946
45	2.946
62	2.946
7	2.947
44	2.947
74	2.947
12	2.948
18	2.948
37	2.948
62	2.948
26	2.949
45	2.949
13	2.95
19	2.95
24	2.95
53	2.95
76	2.95
23	2.951
37	2.951
54	2.951
71	2.951
14	2.952
20	2.952
52	2.952
63	2.952
75	2.952
15	2.954
21	2.954
49	2.954
63	2.954
69	2.954
5	2.955
30	2.955
55	2.955
71	2.955
77	2.955
6	2.956
16	2.956
46	2.956
9	2.9565
47	2.957
57	2.957
76	2.957
5	2.958
7	2.958
17	2.958
51	2.958
57	2.958
6	2.959
27	2.959
46	2.959
49	2.959
18	2.96
25	2.96
47	2.96
78	2.96
7	2.961
24	2.961
19	2.962
77	2.962
72	2.963
8	2.964
20	2.964
38	2.964
62	2.964
31	2.965
79	2.965
21	2.966
38	2.967
53	2.967
56	2.967
70	2.967
78	2.967
9	2.968
54	2.968
73	2.968
28	2.969
26	2.97
63	2.97
80	2.97
25	2.971
55	2.972
58	2.972
79	2.972
58	2.973
74	2.973
50	2.974
64	2.974
8	2.975
39	2.975
40	2.975
42	2.975
81	2.975
12	2.976
64	2.976
42	2.977
48	2.977
80	2.977
8	2.978
13	2.978
39	2.978
40	2.978
75	2.978
9	2.979
29	2.979
50	2.979
71	2.979
14	2.98
27	2.98
48	2.98
65	2.98
26	2.981
9	2.982
10	2.982
15	2.982
65	2.982
81	2.982
76	2.983
16	2.984
56	2.984
57	2.984
17	2.986
41	2.986
22	2.987
59	2.987
18	2.988
43	2.988
59	2.988
77	2.988
12	2.989
30	2.989
41	2.989
19	2.99
28	2.99
43	2.99
13	2.991
27	2.991
66	2.991
20	2.992
64	2.992
10	2.993
14	2.993
66	2.993
78	2.993
21	2.994
51	2.994
67	2.994
15	2.995
10	2.996
67	2.996
16	2.997
23	2.997
49	2.997
65	2.998
79	2.998
17	2.999
31	2.999
51	2.999
58	2.999
29	3
49	3
62	3
18	3.001
28	3.001
57	3.001
11	3.002
19	3.003
68	3.003
80	3.003
60	3.004
20	3.005
60	3.005
68	3.005
63	3.006
21	3.007
24	3.007
44	3.008
52	3.008
81	3.008
52	3.009
66	3.009
72	3.009
30	3.01
44	3.01
45	3.01
29	3.011
61	3.011
45	3.012
61	3.012
67	3.012
11	3.013
69	3.013
59	3.014
73	3.014
69	3.015
11	3.016
58	3.016
25	3.017
50	3.017
74	3.019
31	3.02
46	3.02
50	3.02
30	3.021
47	3.021
68	3.021
46	3.022
47	3.023
53	3.023
53	3.024
54	3.024
75	3.024
54	3.025
70	3.026
26	3.027
55	3.028
64	3.028
70	3.028
55	3.029
76	3.029
31	3.031
59	3.031
60	3.031
69	3.031
64	3.033
65	3.034
77	3.034
22	3.036
27	3.037
32	3.037
51	3.037
61	3.038
71	3.038
78	3.039
51	3.04
56	3.04
71	3.04
12	3.041
48	3.041
56	3.041
13	3.043
48	3.043
52	3.043
32	3.044
52	3.044
70	3.044
79	3.044
14	3.045
66	3.045
23	3.046
15	3.047
28	3.047
32	3.047
60	3.048
67	3.048
16	3.049
33	3.049
80	3.049
17	3.051
62	3.051
83	3.051
18	3.053
81	3.054
19	3.055
61	3.055
24	3.056
33	3.056
71	3.056
2	3.057
20	3.057
29	3.057
57	3.057
63	3.057
68	3.057
34	3.058
35	3.058
53	3.058
57	3.058
21	3.059
33	3.059
53	3.059
54	3.059
3	3.06
52	3.06
54	3.06
36	3.061
49	3.061
52	3.061
49	3.063
55	3.063
55	3.064
4	3.065
34	3.065
35	3.065
25	3.066
72	3.066
30	3.067
69	3.067
34	3.068
35	3.068
36	3.068
36	3.071
72	3.071
73	3.071
85	3.071
37	3.072
58	3.072
58	3.073
53	3.075
56	3.075
26	3.076
53	3.076
54	3.076
56	3.076
73	3.076
74	3.076
31	3.077
54	3.077
37	3.079
64	3.079
55	3.08
70	3.08
42	3.081
50	3.081
55	3.081
74	3.081
75	3.081
37	3.082
50	3.083
5	3.085
64	3.085
65	3.085
6	3.086
27	3.086
75	3.086
76	3.086
59	3.087
93	3.087
7	3.088
38	3.088
59	3.088
76	3.091
77	3.091
56	3.092
57	3.092
71	3.092
56	3.093
57	3.093
43	3.094
38	3.095
28	3.096
66	3.096
77	3.096
78	3.096
42	3.097
38	3.098
39	3.099
40	3.099
62	3.099
67	3.099
51	3.101
78	3.101
79	3.101
12	3.102
51	3.103
13	3.104
60	3.104
8	3.105
60	3.105
63	3.105
14	3.106
29	3.106
39	3.106
40	3.106
79	3.106
80	3.106
58	3.107
15	3.108
58	3.108
68	3.108
9	3.109
39	3.109
40	3.109
57	3.109
16	3.11
41	3.11
43	3.11
57	3.11
52	3.111
61	3.111
80	3.111
81	3.111
17	3.112
61	3.112
18	3.114
44	3.114
12	3.116
19	3.116
30	3.116
45	3.116
81	3.116
41	3.117
13	3.118
20	3.118
62	3.118
69	3.118
14	3.12
21	3.12
41	3.12
42	3.121
15	3.122
59	3.122
10	3.123
59	3.123
16	3.124
32	3.124
58	3.124
63	3.124
58	3.125
17	3.126
31	3.126
46	3.126
53	3.126
2	3.127
47	3.127
54	3.127
64	3.127
18	3.128
3	3.13
19	3.13
42	3.13
44	3.13
55	3.131
70	3.131
20	3.132
45	3.132
64	3.132
65	3.133
21	3.134
43	3.134
4	3.135
2	3.136
33	3.136
32	3.137
64	3.1375
62	3.138
3	3.139
59	3.139
60	3.139
59	3.14
60	3.14
62	3.14
46	3.142
11	3.143
43	3.143
47	3.143
56	3.143
71	3.143
4	3.144
63	3.144
66	3.144
34	3.145
35	3.145
61	3.146
62	3.146
63	3.146
64	3.146
48	3.147
61	3.147
67	3.147
36	3.148
33	3.149
62	3.149
52	3.15
63	3.152
65	3.152
12	3.154
44	3.154
5	3.155
63	3.155
6	3.156
13	3.156
45	3.156
60	3.156
68	3.156
60	3.157
7	3.158
14	3.158
34	3.158
35	3.158
37	3.159
15	3.16
57	3.16
36	3.161
16	3.162
44	3.163
48	3.163
61	3.163
62	3.163
66	3.163
5	3.164
17	3.164
61	3.164
6	3.165
45	3.165
53	3.165
12	3.166
18	3.166
46	3.166
54	3.166
64	3.166
67	3.166
69	3.166
7	3.167
47	3.167
49	3.167
13	3.168
19	3.168
64	3.168
63	3.169
14	3.17
20	3.17
55	3.17
15	3.172
21	3.172
37	3.172
65	3.172
16	3.174
64	3.174
65	3.174
8	3.175
38	3.175
46	3.175
52	3.175
58	3.175
68	3.175
17	3.176
47	3.176
64	3.177
18	3.178
32	3.178
9	3.179
70	3.179
19	3.18
65	3.18
72	3.18
20	3.182
56	3.182
49	3.183
65	3.183
66	3.183
8	3.184
21	3.184
66	3.185
69	3.185
73	3.185
39	3.186
40	3.186
67	3.186
48	3.187
50	3.187
9	3.188
38	3.188
67	3.188
33	3.19
53	3.19
59	3.19
74	3.19
54	3.191
64	3.191
66	3.191
71	3.191
22	3.192
42	3.192
10	3.193
66	3.194
67	3.194
55	3.195
68	3.195
75	3.195
48	3.196
41	3.197
65	3.197
67	3.197
68	3.197
70	3.198
34	3.199
35	3.199
39	3.199
40	3.199
57	3.199
76	3.2
10	3.202
23	3.202
36	3.202
85	3.2025
50	3.203
68	3.203
43	3.205
69	3.205
77	3.205
68	3.206
49	3.207
51	3.207
56	3.207
60	3.207
69	3.207
66	3.208
41	3.21
71	3.21
78	3.21
67	3.211
24	3.212
11	3.213
37	3.213
69	3.213
42	3.214
58	3.214
61	3.214
79	3.215
49	3.216
62	3.216
69	3.216
12	3.217
70	3.218
13	3.219
68	3.22
70	3.22
80	3.22
83	3.22
14	3.221
11	3.222
25	3.222
63	3.222
15	3.223
51	3.223
57	3.224
16	3.225
44	3.225
62	3.225
81	3.225
70	3.226
17	3.227
43	3.227
45	3.227
50	3.227
18	3.229
38	3.229
59	3.229
70	3.229
69	3.23
71	3.23
19	3.231
63	3.231
26	3.232
71	3.232
20	3.233
21	3.235
52	3.235
50	3.236
46	3.237
62	3.237
47	3.238
71	3.238
58	3.239
39	3.24
40	3.24
71	3.241
27	3.242
63	3.243
70	3.243
64	3.244
60	3.246
72	3.246
44	3.247
51	3.247
45	3.249
52	3.249
53	3.25
65	3.25
41	3.251
54	3.251
73	3.251
28	3.252
61	3.253
64	3.253
59	3.254
93	3.254
22	3.255
55	3.255
71	3.255
22	3.256
51	3.256
74	3.256
28	3.2565
2	3.257
48	3.258
52	3.258
46	3.259
65	3.259
3	3.26
47	3.26
66	3.261
75	3.261
29	3.262
32	3.264
52	3.264
53	3.264
67	3.264
4	3.265
23	3.265
54	3.265
64	3.265
23	3.266
76	3.266
56	3.267
32	3.268
2	3.269
55	3.269
66	3.27
52	3.271
60	3.271
65	3.271
77	3.271
3	3.272
30	3.272
53	3.273
67	3.273
68	3.273
54	3.274
24	3.275
24	3.276
33	3.276
78	3.276
4	3.277
49	3.278
55	3.278
61	3.278
53	3.279
33	3.28
48	3.28
54	3.28
56	3.281
79	3.281
87	3.2815
31	3.282
66	3.282
68	3.282
69	3.283
55	3.284
57	3.284
5	3.285
25	3.285
34	3.285
35	3.285
67	3.285
6	3.286
25	3.286
53	3.286
80	3.286
2	3.287
54	3.287
7	3.288
36	3.288
12	3.289
34	3.289
35	3.289
3	3.29
52	3.29
56	3.29
13	3.291
55	3.291
81	3.291
36	3.292
69	3.292
2	3.293
14	3.293
52	3.294
68	3.294
4	3.295
15	3.295
26	3.295
3	3.296
26	3.296
56	3.296
70	3.296
5	3.297
16	3.297
6	3.298
50	3.298
57	3.298
17	3.299
37	3.299
58	3.299
7	3.3
49	3.3
4	3.301
18	3.301
84	3.302
19	3.303
37	3.303
56	3.303
85	3.303
69	3.304
8	3.305
20	3.305
27	3.305
53	3.305
70	3.305
27	3.306
54	3.306
17	3.3065
21	3.307
57	3.307
71	3.308
9	3.309
53	3.309
54	3.31
55	3.31
57	3.313
58	3.313
55	3.314
59	3.314
5	3.315
28	3.315
38	3.315
6	3.316
28	3.316
8	3.317
70	3.317
71	3.317
7	3.318
51	3.318
38	3.319
50	3.32
57	3.32
5	3.321
9	3.321
6	3.322
56	3.322
58	3.322
10	3.323
83	3.3235
7	3.324
29	3.325
29	3.326
39	3.326
40	3.326
56	3.326
58	3.328
59	3.328
71	3.329
39	3.33
40	3.33
60	3.331
8	3.335
10	3.335
30	3.335
58	3.335
30	3.336
41	3.337
59	3.337
61	3.338
9	3.339
57	3.339
51	3.34
8	3.341
41	3.341
11	3.343
57	3.343
59	3.343
9	3.345
31	3.345
60	3.345
31	3.346
59	3.35
61	3.352
10	3.353
58	3.354
60	3.354
11	3.355
42	3.356
58	3.358
10	3.359
60	3.36
61	3.361
60	3.367
61	3.367
59	3.369
11	3.373
59	3.373
61	3.374
11	3.379
60	3.386
60	3.39
61	3.393
61	3.397
12	3.404
85	3.4315
45	3.4345
83	3.4665
76	3.4685
79	3.4695
89	3.4695
48	3.475
31	3.4935
